1 743875 963868
1 736266 965664
1 730890 964442
1 729273 967523
1 724677 968769
1 727720 975632
1 728421 974612
1 731604 976234
1 730215 980077
1 734083 980873
1 734133 983052
1 736539 982414
1 739225 986631
1 743921 988589
1 762233 991769
1 766937 995927
1 773928 996301
1 774146 1000111
1 782666 1005629
1 786881 1002831
1 786617 1000777
1 784320 1000327
1 786541 996161
1 784000 995398
1 786210 991994
1 781080 989124
1 774801 988960
1 774489 985601
1 770735 981453
1 764756 979918
1 762950 977057
1 754527 975190
1 761739 972653
1 762139 969292
1 760428 966638
1 754701 965884
1 751913 963943
1 747749 965034
1 745794 963805
1 743875 963868
