1 848367 1118134
1 841874 1121052
1 839753 1118724
1 837495 1119070
1 835611 1122695
1 837366 1126594
1 834503 1128324
1 833091 1131945
1 831825 1130591
1 827552 1131785
1 825357 1134176
1 822980 1132714
1 821655 1134263
1 822458 1136576
1 816498 1138541
1 812827 1143760
1 810673 1144340
1 807100 1149178
1 806967 1152693
1 802938 1150735
1 794746 1155601
1 794732 1158514
1 792621 1161265
1 794075 1162868
1 785717 1173178
1 786475 1177876
1 783588 1181006
1 783305 1185726
1 785870 1188525
1 782717 1195858
1 783454 1205362
1 791281 1203778
1 792294 1199971
1 794652 1198375
1 791420 1197272
1 790662 1195066
1 802920 1182612
1 806985 1181421
1 807535 1175053
1 809492 1174297
1 810648 1168342
1 815528 1168277
1 817533 1160255
1 819208 1160869
1 820390 1157580
1 824192 1156432
1 825945 1156768
1 827142 1159658
1 832961 1153892
1 832620 1146551
1 839185 1138003
1 843203 1137823
1 846677 1134958
1 846756 1130778
1 850701 1126647
1 850229 1125008
1 854256 1119223
1 848367 1118134
