1 848367 1118134
1 841874 1121052
1 839753 1118724
1 837495 1119070
1 835611 1122695
1 837366 1126594
1 834503 1128324
1 833091 1131945
1 831825 1130591
1 827552 1131785
1 825357 1134176
1 822980 1132714
1 821655 1134263
1 822458 1136576
1 816498 1138541
1 812827 1143760
1 810673 1144340
1 807100 1149178
1 806967 1152693
1 802938 1150735
1 794746 1155601
1 794732 1158514
1 792621 1161265
1 794075 1162868
1 785717 1173178
1 786475 1177876
1 783588 1181006
1 783305 1185726
1 785870 1188525
1 782717 1195858
1 783454 1205362
1 791281 1203778
1 792294 1199971
1 794652 1198375
1 791420 1197272
1 790662 1195066
1 802920 1182612
1 806985 1181421
1 807535 1175053
1 809492 1174297
1 810648 1168342
1 815528 1168277
1 817533 1160255
1 819208 1160869
1 820390 1157580
1 824192 1156432
1 825945 1156768
1 827142 1159658
1 832961 1153892
1 832620 1146551
1 839185 1138003
1 843203 1137823
1 846677 1134958
1 846756 1130778
1 850701 1126647
1 850229 1125008
1 854256 1119223
1 848367 1118134
2 776452 1097304
2 776650 1100612
2 775182 1101395
2 773860 1100487
2 766524 1102123
2 764998 1099193
2 762016 1098693
2 756103 1104428
2 753535 1102665
2 751710 1103605
2 751937 1101219
2 747965 1104717
2 746996 1103212
2 741222 1105683
2 739129 1104470
2 740466 1106849
2 736330 1107669
2 735395 1109608
2 731498 1105511
2 728261 1105411
2 728617 1100491
2 725174 1097736
2 720180 1103443
2 718261 1101967
2 717197 1106414
2 714339 1107211
2 713709 1109787
2 717045 1110768
2 715166 1114430
2 719993 1125920
2 717050 1128512
2 719485 1130789
2 718348 1133489
2 714883 1137662
2 710921 1136003
2 708941 1138992
2 705975 1139610
2 706461 1141836
2 708300 1141356
2 706477 1141909
2 706461 1141836
2 704842 1142258
2 704093 1145343
2 702199 1146157
2 700108 1144133
2 695600 1146818
2 696069 1148007
2 689521 1147500
2 690541 1153144
2 684940 1159354
2 683473 1157813
2 681692 1159535
2 676736 1159577
2 676527 1158391
2 674389 1159391
2 674366 1160774
2 675867 1160794
2 673071 1162292
2 672897 1165445
2 676119 1164982
2 678232 1170515
2 681992 1173252
2 679049 1173818
2 679628 1175884
2 675655 1177515
2 676935 1181620
2 679191 1183581
2 681095 1182688
2 683970 1178055
2 687152 1177685
2 690935 1173822
2 695440 1173702
2 697185 1171605
2 698979 1175977
2 701589 1174919
2 706513 1176362
2 706075 1170633
2 712622 1169087
2 712372 1167479
2 715538 1166362
2 717402 1166732
2 719448 1171457
2 720690 1185528
2 723419 1189917
2 723735 1191174
2 722074 1193355
2 724006 1194693
2 729118 1191555
2 734430 1191001
2 735123 1195948
2 741730 1200322
2 743402 1209601
2 745125 1211580
2 747920 1211288
2 751109 1205680
2 755016 1207932
2 759100 1205801
2 761083 1202036
2 763055 1202334
2 762434 1204473
2 764779 1208193
2 768026 1207348
2 768208 1209658
2 770389 1209046
2 772524 1211314
2 776581 1207430
2 783446 1205333
2 791281 1203778
2 792294 1199971
2 794652 1198375
2 791420 1197272
2 790662 1195066
2 802920 1182612
2 806985 1181421
2 807535 1175053
2 809492 1174297
2 810648 1168342
2 815528 1168277
2 817533 1160255
2 819208 1160869
2 820390 1157580
2 824192 1156432
2 823653 1155192
2 821264 1149649
2 817217 1147291
2 818565 1142619
2 817139 1142326
2 816498 1138541
2 814415 1139697
2 811893 1137286
2 809320 1137300
2 809107 1134698
2 806954 1134156
2 808651 1130153
2 804972 1127498
2 806795 1127092
2 807142 1124702
2 804779 1124882
2 804913 1121450
2 801259 1120539
2 799134 1116321
2 800864 1112084
2 797987 1108473
2 799609 1106258
2 799704 1100160
2 794300 1098637
2 793538 1100618
2 791023 1099297
2 786784 1102645
2 785378 1101054
2 781200 1101057
2 780423 1097947
2 776452 1097304
