1 743875 963868
1 736266 965664
1 730890 964442
1 729273 967523
1 724677 968769
1 727720 975632
1 728421 974612
1 731604 976234
1 730215 980077
1 734083 980873
1 734133 983052
1 736539 982414
1 739225 986631
1 743921 988589
1 762233 991769
1 766937 995927
1 773928 996301
1 774146 1000111
1 782666 1005629
1 786881 1002831
1 786617 1000777
1 784320 1000327
1 786541 996161
1 784000 995398
1 786210 991994
1 781080 989124
1 774801 988960
1 774489 985601
1 770735 981453
1 764756 979918
1 762950 977057
1 754527 975190
1 761739 972653
1 762139 969292
1 760428 966638
1 754701 965884
1 751913 963943
1 747749 965034
1 745794 963805
1 743875 963868
2 736280 935268
2 731071 937838
2 729572 940263
2 726166 938803
2 723652 940555
2 721024 943121
2 718856 942694
2 716797 945554
2 720238 952790
2 714002 952808
2 718294 961503
2 721270 961726
2 722269 965847
2 729321 964483
2 730731 967137
2 732069 968225
2 732278 971603
2 736358 972787
2 736623 976119
2 739509 978352
2 734794 994423
2 732697 995088
2 731841 997495
2 734247 998267
2 733668 1003647
2 737108 1002725
2 738099 1006245
2 741939 1004691
2 741077 1008716
2 742615 1013335
2 749103 1012129
2 751193 1014800
2 755660 1012283
2 758734 1013480
2 768039 1010401
2 770074 1011512
2 769860 1014925
2 772553 1014147
2 773831 1017006
2 778396 1017460
2 779825 1020213
2 781561 1020382
2 783119 1017520
2 788096 1021281
2 793718 1020582
2 793612 1018816
2 798730 1023287
2 803267 1022696
2 807594 1024845
2 807902 1029089
2 809426 1028394
2 810403 1031256
2 812980 1030442
2 817284 1033413
2 817892 1030248
2 820514 1031742
2 820200 1029996
2 822225 1030132
2 823374 1026727
2 826510 1025583
2 824696 1024463
2 822529 1025914
2 823516 1023412
2 821764 1022472
2 823807 1017850
2 826263 1016383
2 822970 1015430
2 825063 1013920
2 823794 1010396
2 826081 1009243
2 823316 1007792
2 823233 1001495
2 829335 999714
2 830906 1001133
2 832266 999849
2 831508 996845
2 836599 994557
2 840023 994742
2 842061 992339
2 835834 988954
2 833927 982146
2 830324 983774
2 826696 982267
2 826620 983654
2 822561 984638
2 817341 975445
2 815201 975673
2 814638 977789
2 812290 977454
2 811716 974464
2 807679 972849
2 807769 970298
2 802025 976683
2 797252 973215
2 797811 971469
2 795211 969184
2 796106 966031
2 794089 965281
2 790598 966205
2 785913 964434
2 783227 966561
2 779313 964985
2 772705 966947
2 771959 965274
2 769351 965390
2 768444 960098
2 765833 960863
2 761772 958083
2 759260 960197
2 755744 959774
2 744902 956069
2 743774 953024
2 741281 952506
2 738856 954123
2 732820 953245
2 731629 949233
2 737316 946466
2 735997 943124
2 738755 943692
2 740471 942260
2 737932 938127
2 738613 936649
2 736280 935268
