1 736266 965664
1 729273 967523
1 727720 975632
1 731604 976234
1 734083 980873
1 736539 982414
1 743921 988589
1 766937 995927
1 774146 1000111
1 786881 1002831
1 784320 1000327
1 784000 995398
1 781080 989124
1 774489 985601
1 764756 979918
1 754527 975190
1 762139 969292
1 754701 965884
1 747749 965034
1 743875 963868
2 736280 935268
2 723652 940555
2 720238 952790
2 722269 965847
2 739509 978352
2 731069 999212
2 738099 1006245
2 751193 1014800
2 769860 1014925
2 788096 1021281
2 807594 1024845
2 820514 1031742
2 821764 1022472
2 826081 1009243
2 823233 1001495
2 831508 996845
2 833927 982146
2 812290 977454
2 794089 965281
2 772705 966947
2 755744 959774
2 732820 953245
2 737316 946466
2 740471 942260
3 686963 945466
3 675795 951713
3 654405 976898
3 651045 1006068
3 665993 1008791
3 694054 991567
3 707486 997172
3 717799 1002360
3 731069 999212
3 739526 978415
3 722269 965847
3 705750 965801
3 702423 960319
3 690445 962329
3 687661 951663

