1 846308.0 1129497.0 1141.2
2 846288.0 1129497.0 1131.8
3 846268.0 1129497.0 1123.2
4 846248.0 1129497.0 1114.9
5 846228.0 1129497.0 1106.6
6 846207.0 1129497.0 1097.8
7 846187.0 1129497.0 1088.5
8 846167.0 1129497.0 1080.4
9 846147.0 1129497.0 1073.7
10 846127.0 1129497.0 1065.5
11 846107.0 1129497.0 1058.4
12 846087.0 1129497.0 1051.6
13 846067.0 1129497.0 1046.5
14 846048.0 1129497.0 1041.5
15 846028.0 1129497.0 1037.1
16 846008.0 1129497.0 1035.6
17 845988.0 1129497.0 1035.8
18 845968.0 1129497.0 1036.5
19 845948.0 1129497.0 1037.2
20 845928.0 1129497.0 1037.7
21 845908.0 1129497.0 1035.4
22 845887.0 1129497.0 1033.5
23 845867.0 1129497.0 1031.5
24 845847.0 1129497.0 1030.0
25 845827.0 1129497.0 1029.6
26 845807.0 1129497.0 1028.0
27 845787.0 1129497.0 1026.7
28 845767.0 1129497.0 1025.0
29 845747.0 1129497.0 1021.6
30 845727.0 1129497.0 1020.0
31 845708.0 1129497.0 1018.2
32 845688.0 1129497.0 1016.7
33 845668.0 1129497.0 1013.1
34 845648.0 1129497.0 1010.2
35 845628.0 1129497.0 1008.1
36 845608.0 1129497.0 1006.0
37 845588.0 1129497.0 1002.1
38 845568.0 1129497.0 999.2
39 845547.0 1129497.0 996.4
40 845527.0 1129497.0 992.7
41 845507.0 1129497.0 986.8
42 845487.0 1129497.0 983.7
43 845467.0 1129497.0 981.8
44 845447.0 1129497.0 979.3
45 845427.0 1129497.0 976.7
46 845407.0 1129497.0 973.5
47 845388.0 1129497.0 970.6
48 845368.0 1129497.0 966.8
49 845348.0 1129497.0 962.4
50 845328.0 1129497.0 959.5
51 846308.0 1129507.0 1144.4
52 846288.0 1129507.0 1135.3
53 846268.0 1129507.0 1126.2
54 846248.0 1129507.0 1117.2
55 846228.0 1129507.0 1108.9
56 846207.0 1129507.0 1100.7
57 846187.0 1129507.0 1091.0
58 846167.0 1129507.0 1081.8
59 846147.0 1129507.0 1073.6
60 846127.0 1129507.0 1064.6
61 846107.0 1129507.0 1055.9
62 846087.0 1129507.0 1048.6
63 846067.0 1129507.0 1043.5
64 846048.0 1129507.0 1038.6
65 846028.0 1129507.0 1035.9
66 846008.0 1129507.0 1035.3
67 845988.0 1129507.0 1035.5
68 845968.0 1129507.0 1037.4
69 845948.0 1129507.0 1038.4
70 845928.0 1129507.0 1038.7
71 845908.0 1129507.0 1037.3
72 845887.0 1129507.0 1033.5
73 845867.0 1129507.0 1031.3
74 845847.0 1129507.0 1030.1
75 845827.0 1129507.0 1028.7
76 845807.0 1129507.0 1028.6
77 845787.0 1129507.0 1026.2
78 845767.0 1129507.0 1025.3
79 845747.0 1129507.0 1021.8
80 845727.0 1129507.0 1019.9
81 845708.0 1129507.0 1018.2
82 845688.0 1129507.0 1015.9
83 845668.0 1129507.0 1013.1
84 845648.0 1129507.0 1010.4
85 845628.0 1129507.0 1008.7
86 845608.0 1129507.0 1006.3
87 845588.0 1129507.0 1002.4
88 845568.0 1129507.0 999.4
89 845547.0 1129507.0 996.8
90 845527.0 1129507.0 993.8
91 845507.0 1129507.0 988.0
92 845487.0 1129507.0 984.2
93 845467.0 1129507.0 982.0
94 845447.0 1129507.0 979.2
95 845427.0 1129507.0 976.6
96 845407.0 1129507.0 973.4
97 845388.0 1129507.0 971.0
98 845368.0 1129507.0 968.5
99 845348.0 1129507.0 964.6
100 845328.0 1129507.0 960.9
101 846308.0 1129527.0 1149.9
102 846288.0 1129527.0 1141.5
103 846268.0 1129527.0 1130.7
104 846248.0 1129527.0 1121.2
105 846228.0 1129527.0 1112.3
106 846207.0 1129527.0 1103.2
107 846187.0 1129527.0 1092.8
108 846167.0 1129527.0 1082.1
109 846147.0 1129527.0 1071.8
110 846127.0 1129527.0 1059.0
111 846107.0 1129527.0 1047.9
112 846087.0 1129527.0 1042.8
113 846067.0 1129527.0 1036.9
114 846048.0 1129527.0 1035.2
115 846028.0 1129527.0 1034.4
116 846008.0 1129527.0 1034.2
117 845988.0 1129527.0 1037.9
118 845968.0 1129527.0 1039.4
119 845948.0 1129527.0 1039.9
120 845928.0 1129527.0 1040.9
121 845908.0 1129527.0 1039.5
122 845887.0 1129527.0 1035.4
123 845867.0 1129527.0 1030.4
124 845847.0 1129527.0 1028.9
125 845827.0 1129527.0 1027.2
126 845807.0 1129527.0 1026.3
127 845787.0 1129527.0 1025.2
128 845767.0 1129527.0 1024.7
129 845747.0 1129527.0 1023.0
130 845727.0 1129527.0 1019.9
131 845708.0 1129527.0 1018.5
132 845688.0 1129527.0 1015.7
133 845668.0 1129527.0 1014.0
134 845648.0 1129527.0 1012.0
135 845628.0 1129527.0 1009.3
136 845608.0 1129527.0 1007.2
137 845588.0 1129527.0 1003.8
138 845568.0 1129527.0 1000.6
139 845547.0 1129527.0 998.4
140 845527.0 1129527.0 994.7
141 845507.0 1129527.0 991.5
142 845487.0 1129527.0 986.3
143 845467.0 1129527.0 982.4
144 845447.0 1129527.0 980.0
145 845427.0 1129527.0 978.0
146 845407.0 1129527.0 976.1
147 845388.0 1129527.0 975.4
148 845368.0 1129527.0 970.8
149 845348.0 1129527.0 967.5
150 845328.0 1129527.0 962.0
151 846308.0 1129547.0 1154.9
152 846288.0 1129547.0 1146.9
153 846268.0 1129547.0 1133.7
154 846248.0 1129547.0 1120.9
155 846228.0 1129547.0 1108.6
156 846207.0 1129547.0 1100.8
157 846187.0 1129547.0 1089.2
158 846167.0 1129547.0 1075.3
159 846147.0 1129547.0 1062.0
160 846127.0 1129547.0 1049.3
161 846107.0 1129547.0 1041.0
162 846087.0 1129547.0 1036.3
163 846067.0 1129547.0 1033.5
164 846048.0 1129547.0 1033.0
165 846028.0 1129547.0 1032.8
166 846008.0 1129547.0 1032.8
167 845988.0 1129547.0 1035.7
168 845968.0 1129547.0 1037.1
169 845948.0 1129547.0 1037.6
170 845928.0 1129547.0 1039.4
171 845908.0 1129547.0 1040.0
172 845887.0 1129547.0 1035.7
173 845867.0 1129547.0 1032.9
174 845847.0 1129547.0 1031.0
175 845827.0 1129547.0 1028.7
176 845807.0 1129547.0 1026.6
177 845787.0 1129547.0 1025.4
178 845767.0 1129547.0 1024.7
179 845747.0 1129547.0 1022.0
180 845727.0 1129547.0 1020.4
181 845708.0 1129547.0 1018.8
182 845688.0 1129547.0 1017.6
183 845668.0 1129547.0 1014.2
184 845648.0 1129547.0 1011.8
185 845628.0 1129547.0 1010.5
186 845608.0 1129547.0 1007.9
187 845588.0 1129547.0 1004.9
188 845568.0 1129547.0 1002.2
189 845547.0 1129547.0 999.2
190 845527.0 1129547.0 996.2
191 845507.0 1129547.0 992.3
192 845487.0 1129547.0 988.6
193 845467.0 1129547.0 983.3
194 845447.0 1129547.0 981.6
195 845427.0 1129547.0 981.6
196 845407.0 1129547.0 980.3
197 845388.0 1129547.0 975.6
198 845368.0 1129547.0 969.0
199 845348.0 1129547.0 969.6
200 845328.0 1129547.0 963.7
201 846308.0 1129567.0 1157.2
202 846288.0 1129567.0 1143.9
203 846268.0 1129567.0 1131.8
204 846248.0 1129567.0 1119.8
205 846228.0 1129567.0 1105.7
206 846207.0 1129567.0 1087.9
207 846187.0 1129567.0 1077.5
208 846167.0 1129567.0 1065.2
209 846147.0 1129567.0 1053.1
210 846127.0 1129567.0 1043.4
211 846107.0 1129567.0 1037.4
212 846087.0 1129567.0 1033.0
213 846067.0 1129567.0 1031.9
214 846048.0 1129567.0 1031.6
215 846028.0 1129567.0 1031.2
216 846008.0 1129567.0 1031.6
217 845988.0 1129567.0 1032.8
218 845968.0 1129567.0 1034.6
219 845948.0 1129567.0 1035.7
220 845928.0 1129567.0 1037.0
221 845908.0 1129567.0 1038.7
222 845887.0 1129567.0 1036.3
223 845867.0 1129567.0 1032.8
224 845847.0 1129567.0 1031.1
225 845827.0 1129567.0 1028.6
226 845807.0 1129567.0 1025.7
227 845787.0 1129567.0 1024.7
228 845767.0 1129567.0 1023.4
229 845747.0 1129567.0 1021.3
230 845727.0 1129567.0 1020.5
231 845708.0 1129567.0 1018.8
232 845688.0 1129567.0 1018.4
233 845668.0 1129567.0 1016.2
234 845648.0 1129567.0 1012.5
235 845628.0 1129567.0 1010.8
236 845608.0 1129567.0 1007.6
237 845588.0 1129567.0 1005.7
238 845568.0 1129567.0 1002.7
239 845547.0 1129567.0 1000.2
240 845527.0 1129567.0 996.6
241 845507.0 1129567.0 993.4
242 845487.0 1129567.0 988.8
243 845467.0 1129567.0 985.9
244 845447.0 1129567.0 984.7
245 845427.0 1129567.0 984.4
246 845407.0 1129567.0 983.2
247 845388.0 1129567.0 975.5
248 845368.0 1129567.0 969.0
249 845348.0 1129567.0 967.8
250 845328.0 1129567.0 965.2
251 846308.0 1129587.0 1156.4
252 846288.0 1129587.0 1138.1
253 846268.0 1129587.0 1123.1
254 846248.0 1129587.0 1110.8
255 846228.0 1129587.0 1101.9
256 846207.0 1129587.0 1086.7
257 846187.0 1129587.0 1075.5
258 846167.0 1129587.0 1060.2
259 846147.0 1129587.0 1050.2
260 846127.0 1129587.0 1041.8
261 846107.0 1129587.0 1035.6
262 846087.0 1129587.0 1031.7
263 846067.0 1129587.0 1030.8
264 846048.0 1129587.0 1030.3
265 846028.0 1129587.0 1030.0
266 846008.0 1129587.0 1030.3
267 845988.0 1129587.0 1031.4
268 845968.0 1129587.0 1032.5
269 845948.0 1129587.0 1034.0
270 845928.0 1129587.0 1034.0
271 845908.0 1129587.0 1035.8
272 845887.0 1129587.0 1035.1
273 845867.0 1129587.0 1030.2
274 845847.0 1129587.0 1029.0
275 845827.0 1129587.0 1027.5
276 845807.0 1129587.0 1025.8
277 845787.0 1129587.0 1024.1
278 845767.0 1129587.0 1023.5
279 845747.0 1129587.0 1021.9
280 845727.0 1129587.0 1020.5
281 845708.0 1129587.0 1019.1
282 845688.0 1129587.0 1017.9
283 845668.0 1129587.0 1015.8
284 845648.0 1129587.0 1013.8
285 845628.0 1129587.0 1012.0
286 845608.0 1129587.0 1007.7
287 845588.0 1129587.0 1005.6
288 845568.0 1129587.0 1004.0
289 845547.0 1129587.0 1000.7
290 845527.0 1129587.0 997.6
291 845507.0 1129587.0 995.3
292 845487.0 1129587.0 990.3
293 845467.0 1129587.0 988.9
294 845447.0 1129587.0 987.9
295 845427.0 1129587.0 987.4
296 845407.0 1129587.0 982.1
297 845388.0 1129587.0 974.9
298 845368.0 1129587.0 971.5
299 845348.0 1129587.0 969.3
300 845328.0 1129587.0 967.3
301 846308.0 1129607.0 1143.5
302 846288.0 1129607.0 1130.9
303 846268.0 1129607.0 1116.4
304 846248.0 1129607.0 1102.1
305 846228.0 1129607.0 1090.6
306 846207.0 1129607.0 1080.0
307 846187.0 1129607.0 1068.4
308 846167.0 1129607.0 1054.9
309 846147.0 1129607.0 1044.0
310 846127.0 1129607.0 1038.0
311 846107.0 1129607.0 1033.5
312 846087.0 1129607.0 1030.4
313 846067.0 1129607.0 1029.5
314 846048.0 1129607.0 1029.6
315 846028.0 1129607.0 1030.0
316 846008.0 1129607.0 1030.0
317 845988.0 1129607.0 1031.0
318 845968.0 1129607.0 1032.2
319 845948.0 1129607.0 1034.1
320 845928.0 1129607.0 1033.1
321 845908.0 1129607.0 1032.8
322 845887.0 1129607.0 1033.4
323 845867.0 1129607.0 1031.9
324 845847.0 1129607.0 1030.5
325 845827.0 1129607.0 1028.3
326 845807.0 1129607.0 1025.7
327 845787.0 1129607.0 1024.7
328 845767.0 1129607.0 1024.5
329 845747.0 1129607.0 1022.7
330 845727.0 1129607.0 1020.5
331 845708.0 1129607.0 1018.3
332 845688.0 1129607.0 1017.0
333 845668.0 1129607.0 1015.8
334 845648.0 1129607.0 1014.5
335 845628.0 1129607.0 1012.7
336 845608.0 1129607.0 1009.2
337 845588.0 1129607.0 1008.3
338 845568.0 1129607.0 1004.7
339 845547.0 1129607.0 1001.0
340 845527.0 1129607.0 998.5
341 845507.0 1129607.0 996.4
342 845487.0 1129607.0 993.8
343 845467.0 1129607.0 991.9
344 845447.0 1129607.0 989.0
345 845427.0 1129607.0 985.2
346 845407.0 1129607.0 979.2
347 845388.0 1129607.0 976.0
348 845368.0 1129607.0 973.1
349 845348.0 1129607.0 971.3
350 845328.0 1129607.0 971.7
351 846308.0 1129627.0 1138.2
352 846288.0 1129627.0 1125.7
353 846268.0 1129627.0 1111.5
354 846248.0 1129627.0 1097.4
355 846228.0 1129627.0 1086.8
356 846207.0 1129627.0 1077.1
357 846187.0 1129627.0 1066.3
358 846167.0 1129627.0 1056.2
359 846147.0 1129627.0 1044.2
360 846127.0 1129627.0 1035.6
361 846107.0 1129627.0 1030.8
362 846087.0 1129627.0 1029.2
363 846067.0 1129627.0 1029.2
364 846048.0 1129627.0 1029.7
365 846028.0 1129627.0 1030.1
366 846008.0 1129627.0 1030.2
367 845988.0 1129627.0 1031.3
368 845968.0 1129627.0 1033.1
369 845948.0 1129627.0 1034.1
370 845928.0 1129627.0 1031.9
371 845908.0 1129627.0 1032.6
372 845887.0 1129627.0 1033.2
373 845867.0 1129627.0 1030.1
374 845847.0 1129627.0 1029.1
375 845827.0 1129627.0 1028.1
376 845807.0 1129627.0 1025.3
377 845787.0 1129627.0 1023.9
378 845767.0 1129627.0 1023.3
379 845747.0 1129627.0 1022.4
380 845727.0 1129627.0 1021.0
381 845708.0 1129627.0 1018.5
382 845688.0 1129627.0 1016.6
383 845668.0 1129627.0 1015.9
384 845648.0 1129627.0 1014.3
385 845628.0 1129627.0 1012.5
386 845608.0 1129627.0 1011.4
387 845588.0 1129627.0 1008.8
388 845568.0 1129627.0 1005.9
389 845547.0 1129627.0 1003.3
390 845527.0 1129627.0 1001.1
391 845507.0 1129627.0 997.7
392 845487.0 1129627.0 997.3
393 845467.0 1129627.0 993.3
394 845447.0 1129627.0 988.7
395 845427.0 1129627.0 985.2
396 845407.0 1129627.0 982.5
397 845388.0 1129627.0 980.1
398 845368.0 1129627.0 977.1
399 845348.0 1129627.0 975.7
400 845328.0 1129627.0 972.3
401 846308.0 1129647.0 1134.3
402 846288.0 1129647.0 1121.7
403 846268.0 1129647.0 1107.3
404 846248.0 1129647.0 1091.6
405 846228.0 1129647.0 1079.2
406 846207.0 1129647.0 1070.4
407 846187.0 1129647.0 1062.2
408 846167.0 1129647.0 1052.2
409 846147.0 1129647.0 1041.4
410 846127.0 1129647.0 1031.3
411 846107.0 1129647.0 1029.3
412 846087.0 1129647.0 1029.1
413 846067.0 1129647.0 1029.2
414 846048.0 1129647.0 1029.7
415 846028.0 1129647.0 1029.8
416 846008.0 1129647.0 1031.1
417 845988.0 1129647.0 1032.3
418 845968.0 1129647.0 1032.9
419 845948.0 1129647.0 1033.5
420 845928.0 1129647.0 1032.5
421 845908.0 1129647.0 1031.0
422 845887.0 1129647.0 1030.1
423 845867.0 1129647.0 1029.7
424 845847.0 1129647.0 1027.4
425 845827.0 1129647.0 1028.0
426 845807.0 1129647.0 1025.1
427 845787.0 1129647.0 1023.1
428 845767.0 1129647.0 1022.0
429 845747.0 1129647.0 1021.3
430 845727.0 1129647.0 1020.3
431 845708.0 1129647.0 1019.1
432 845688.0 1129647.0 1017.5
433 845668.0 1129647.0 1016.7
434 845648.0 1129647.0 1015.0
435 845628.0 1129647.0 1013.0
436 845608.0 1129647.0 1012.1
437 845588.0 1129647.0 1009.2
438 845568.0 1129647.0 1006.3
439 845547.0 1129647.0 1003.9
440 845527.0 1129647.0 1000.1
441 845507.0 1129647.0 998.0
442 845487.0 1129647.0 996.7
443 845467.0 1129647.0 992.8
444 845447.0 1129647.0 988.5
445 845427.0 1129647.0 985.6
446 845407.0 1129647.0 983.2
447 845388.0 1129647.0 983.3
448 845368.0 1129647.0 979.5
449 845348.0 1129647.0 975.7
450 845328.0 1129647.0 970.6
451 846308.0 1129677.0 1137.1
452 846288.0 1129677.0 1120.9
453 846268.0 1129677.0 1102.9
454 846248.0 1129677.0 1088.8
455 846228.0 1129677.0 1074.7
456 846207.0 1129677.0 1064.1
457 846187.0 1129677.0 1054.1
458 846167.0 1129677.0 1042.8
459 846147.0 1129677.0 1034.8
460 846127.0 1129677.0 1031.1
461 846107.0 1129677.0 1028.8
462 846087.0 1129677.0 1028.9
463 846067.0 1129677.0 1029.1
464 846048.0 1129677.0 1030.7
465 846028.0 1129677.0 1031.7
466 846008.0 1129677.0 1033.5
467 845988.0 1129677.0 1033.0
468 845968.0 1129677.0 1032.3
469 845948.0 1129677.0 1033.4
470 845928.0 1129677.0 1032.7
471 845908.0 1129677.0 1031.8
472 845887.0 1129677.0 1029.7
473 845867.0 1129677.0 1025.7
474 845847.0 1129677.0 1024.8
475 845827.0 1129677.0 1024.6
476 845807.0 1129677.0 1024.3
477 845787.0 1129677.0 1023.3
478 845767.0 1129677.0 1021.7
479 845747.0 1129677.0 1021.0
480 845727.0 1129677.0 1020.6
481 845708.0 1129677.0 1019.4
482 845688.0 1129677.0 1018.5
483 845668.0 1129677.0 1017.6
484 845648.0 1129677.0 1016.9
485 845628.0 1129677.0 1014.9
486 845608.0 1129677.0 1012.2
487 845588.0 1129677.0 1009.3
488 845568.0 1129677.0 1006.0
489 845547.0 1129677.0 1003.5
490 845527.0 1129677.0 1000.5
491 845507.0 1129677.0 998.9
492 845487.0 1129677.0 996.5
493 845467.0 1129677.0 990.9
494 845447.0 1129677.0 988.3
495 845427.0 1129677.0 986.5
496 845407.0 1129677.0 986.3
497 845388.0 1129677.0 985.1
498 845368.0 1129677.0 976.4
499 845348.0 1129677.0 975.5
500 845328.0 1129677.0 974.6
501 846308.0 1129697.0 1136.5
502 846288.0 1129697.0 1123.2
503 846268.0 1129697.0 1103.7
504 846248.0 1129697.0 1089.5
505 846228.0 1129697.0 1072.9
506 846207.0 1129697.0 1060.6
507 846187.0 1129697.0 1049.9
508 846167.0 1129697.0 1040.3
509 846147.0 1129697.0 1030.5
510 846127.0 1129697.0 1028.0
511 846107.0 1129697.0 1029.1
512 846087.0 1129697.0 1029.6
513 846067.0 1129697.0 1030.5
514 846048.0 1129697.0 1032.8
515 846028.0 1129697.0 1034.2
516 846008.0 1129697.0 1033.4
517 845988.0 1129697.0 1031.6
518 845968.0 1129697.0 1031.4
519 845948.0 1129697.0 1030.1
520 845928.0 1129697.0 1029.7
521 845908.0 1129697.0 1030.3
522 845887.0 1129697.0 1028.5
523 845867.0 1129697.0 1026.5
524 845847.0 1129697.0 1025.1
525 845827.0 1129697.0 1024.4
526 845807.0 1129697.0 1024.8
527 845787.0 1129697.0 1024.2
528 845767.0 1129697.0 1023.3
529 845747.0 1129697.0 1022.1
530 845727.0 1129697.0 1020.5
531 845708.0 1129697.0 1019.0
532 845688.0 1129697.0 1018.3
533 845668.0 1129697.0 1018.4
534 845648.0 1129697.0 1018.1
535 845628.0 1129697.0 1015.2
536 845608.0 1129697.0 1013.0
537 845588.0 1129697.0 1009.2
538 845568.0 1129697.0 1006.6
539 845547.0 1129697.0 1003.9
540 845527.0 1129697.0 1000.0
541 845507.0 1129697.0 998.3
542 845487.0 1129697.0 995.5
543 845467.0 1129697.0 992.3
544 845447.0 1129697.0 990.7
545 845427.0 1129697.0 989.8
546 845407.0 1129697.0 988.8
547 845388.0 1129697.0 984.8
548 845368.0 1129697.0 981.3
549 845348.0 1129697.0 980.8
550 845328.0 1129697.0 979.4
551 846308.0 1129717.0 1132.8
552 846288.0 1129717.0 1116.7
553 846268.0 1129717.0 1103.9
554 846248.0 1129717.0 1087.7
555 846228.0 1129717.0 1070.8
556 846207.0 1129717.0 1057.9
557 846187.0 1129717.0 1045.9
558 846167.0 1129717.0 1035.1
559 846147.0 1129717.0 1028.8
560 846127.0 1129717.0 1027.1
561 846107.0 1129717.0 1029.7
562 846087.0 1129717.0 1031.1
563 846067.0 1129717.0 1031.1
564 846048.0 1129717.0 1035.3
565 846028.0 1129717.0 1035.8
566 846008.0 1129717.0 1033.9
567 845988.0 1129717.0 1032.4
568 845968.0 1129717.0 1029.6
569 845948.0 1129717.0 1028.1
570 845928.0 1129717.0 1027.1
571 845908.0 1129717.0 1025.8
572 845887.0 1129717.0 1024.9
573 845867.0 1129717.0 1024.2
574 845847.0 1129717.0 1023.5
575 845827.0 1129717.0 1022.4
576 845807.0 1129717.0 1023.1
577 845787.0 1129717.0 1022.5
578 845767.0 1129717.0 1023.2
579 845747.0 1129717.0 1022.8
580 845727.0 1129717.0 1020.8
581 845708.0 1129717.0 1019.7
582 845688.0 1129717.0 1019.0
583 845668.0 1129717.0 1019.8
584 845648.0 1129717.0 1019.2
585 845628.0 1129717.0 1014.8
586 845608.0 1129717.0 1012.2
587 845588.0 1129717.0 1009.8
588 845568.0 1129717.0 1007.2
589 845547.0 1129717.0 1004.8
590 845527.0 1129717.0 1001.7
591 845507.0 1129717.0 1000.7
592 845487.0 1129717.0 998.5
593 845467.0 1129717.0 996.2
594 845447.0 1129717.0 993.4
595 845427.0 1129717.0 991.4
596 845407.0 1129717.0 987.8
597 845388.0 1129717.0 983.8
598 845368.0 1129717.0 984.3
599 845348.0 1129717.0 983.3
600 845328.0 1129717.0 979.7
601 846308.0 1129737.0 1131.7
602 846288.0 1129737.0 1117.5
603 846268.0 1129737.0 1100.8
604 846248.0 1129737.0 1087.1
605 846228.0 1129737.0 1072.0
606 846207.0 1129737.0 1055.3
607 846187.0 1129737.0 1040.4
608 846167.0 1129737.0 1027.6
609 846147.0 1129737.0 1025.2
610 846127.0 1129737.0 1027.9
611 846107.0 1129737.0 1030.6
612 846087.0 1129737.0 1032.3
613 846067.0 1129737.0 1033.3
614 846048.0 1129737.0 1035.6
615 846028.0 1129737.0 1034.2
616 846008.0 1129737.0 1031.6
617 845988.0 1129737.0 1029.2
618 845968.0 1129737.0 1026.2
619 845948.0 1129737.0 1023.8
620 845928.0 1129737.0 1022.7
621 845908.0 1129737.0 1019.3
622 845887.0 1129737.0 1019.1
623 845867.0 1129737.0 1018.8
624 845847.0 1129737.0 1018.5
625 845827.0 1129737.0 1019.9
626 845807.0 1129737.0 1021.0
627 845787.0 1129737.0 1021.8
628 845767.0 1129737.0 1023.7
629 845747.0 1129737.0 1024.6
630 845727.0 1129737.0 1024.6
631 845708.0 1129737.0 1023.3
632 845688.0 1129737.0 1021.9
633 845668.0 1129737.0 1019.4
634 845648.0 1129737.0 1015.6
635 845628.0 1129737.0 1014.3
636 845608.0 1129737.0 1010.7
637 845588.0 1129737.0 1007.8
638 845568.0 1129737.0 1006.5
639 845547.0 1129737.0 1004.5
640 845527.0 1129737.0 1003.0
641 845507.0 1129737.0 1000.8
642 845487.0 1129737.0 999.0
643 845467.0 1129737.0 995.8
644 845447.0 1129737.0 992.9
645 845427.0 1129737.0 990.9
646 845407.0 1129737.0 988.5
647 845388.0 1129737.0 988.6
648 845368.0 1129737.0 983.8
649 845348.0 1129737.0 980.1
650 845328.0 1129737.0 978.5
651 846308.0 1129757.0 1131.9
652 846288.0 1129757.0 1118.4
653 846268.0 1129757.0 1103.7
654 846248.0 1129757.0 1084.8
655 846228.0 1129757.0 1069.7
656 846207.0 1129757.0 1052.7
657 846187.0 1129757.0 1036.1
658 846167.0 1129757.0 1026.8
659 846147.0 1129757.0 1023.7
660 846127.0 1129757.0 1029.3
661 846107.0 1129757.0 1034.2
662 846087.0 1129757.0 1034.0
663 846067.0 1129757.0 1034.8
664 846048.0 1129757.0 1035.9
665 846028.0 1129757.0 1033.8
666 846008.0 1129757.0 1030.4
667 845988.0 1129757.0 1027.0
668 845968.0 1129757.0 1023.1
669 845948.0 1129757.0 1021.2
670 845928.0 1129757.0 1020.0
671 845908.0 1129757.0 1017.4
672 845887.0 1129757.0 1014.9
673 845867.0 1129757.0 1014.8
674 845847.0 1129757.0 1015.7
675 845827.0 1129757.0 1015.6
676 845807.0 1129757.0 1017.7
677 845787.0 1129757.0 1023.0
678 845767.0 1129757.0 1023.6
679 845747.0 1129757.0 1025.0
680 845727.0 1129757.0 1023.7
681 845708.0 1129757.0 1021.4
682 845688.0 1129757.0 1017.6
683 845668.0 1129757.0 1014.4
684 845648.0 1129757.0 1012.2
685 845628.0 1129757.0 1009.4
686 845608.0 1129757.0 1008.5
687 845588.0 1129757.0 1008.7
688 845568.0 1129757.0 1006.7
689 845547.0 1129757.0 1003.8
690 845527.0 1129757.0 1001.5
691 845507.0 1129757.0 999.0
692 845487.0 1129757.0 998.4
693 845467.0 1129757.0 995.2
694 845447.0 1129757.0 994.1
695 845427.0 1129757.0 993.0
696 845407.0 1129757.0 993.3
697 845388.0 1129757.0 988.7
698 845368.0 1129757.0 984.3
699 845348.0 1129757.0 982.2
700 845328.0 1129757.0 980.6
701 846308.0 1129777.0 1129.2
702 846288.0 1129777.0 1115.6
703 846268.0 1129777.0 1098.0
704 846248.0 1129777.0 1085.9
705 846228.0 1129777.0 1065.7
706 846207.0 1129777.0 1051.8
707 846187.0 1129777.0 1036.4
708 846167.0 1129777.0 1021.4
709 846147.0 1129777.0 1020.2
710 846127.0 1129777.0 1024.0
711 846107.0 1129777.0 1025.7
712 846087.0 1129777.0 1027.2
713 846067.0 1129777.0 1028.4
714 846048.0 1129777.0 1028.8
715 846028.0 1129777.0 1027.8
716 846008.0 1129777.0 1025.2
717 845988.0 1129777.0 1022.5
718 845968.0 1129777.0 1021.3
719 845948.0 1129777.0 1020.3
720 845928.0 1129777.0 1020.3
721 845908.0 1129777.0 1018.2
722 845887.0 1129777.0 1016.7
723 845867.0 1129777.0 1014.5
724 845847.0 1129777.0 1015.5
725 845827.0 1129777.0 1012.6
726 845807.0 1129777.0 1015.3
727 845787.0 1129777.0 1017.6
728 845767.0 1129777.0 1018.5
729 845747.0 1129777.0 1017.5
730 845727.0 1129777.0 1017.3
731 845708.0 1129777.0 1016.8
732 845688.0 1129777.0 1014.2
733 845668.0 1129777.0 1011.7
734 845648.0 1129777.0 1008.7
735 845628.0 1129777.0 1007.9
736 845608.0 1129777.0 1007.7
737 845588.0 1129777.0 1008.6
738 845568.0 1129777.0 1005.8
739 845547.0 1129777.0 1001.9
740 845527.0 1129777.0 1000.9
741 845507.0 1129777.0 1000.9
742 845487.0 1129777.0 1001.3
743 845467.0 1129777.0 1001.3
744 845447.0 1129777.0 999.8
745 845427.0 1129777.0 998.4
746 845407.0 1129777.0 993.0
747 845388.0 1129777.0 989.2
748 845368.0 1129777.0 986.8
749 845348.0 1129777.0 984.9
750 845328.0 1129777.0 982.7
751 846308.0 1129797.0 1128.0
752 846288.0 1129797.0 1116.2
753 846268.0 1129797.0 1099.9
754 846248.0 1129797.0 1075.2
755 846228.0 1129797.0 1060.1
756 846207.0 1129797.0 1042.8
757 846187.0 1129797.0 1033.4
758 846167.0 1129797.0 1018.8
759 846147.0 1129797.0 1011.4
760 846127.0 1129797.0 1014.6
761 846107.0 1129797.0 1015.0
762 846087.0 1129797.0 1016.9
763 846067.0 1129797.0 1018.1
764 846048.0 1129797.0 1018.0
765 846028.0 1129797.0 1017.6
766 846008.0 1129797.0 1017.2
767 845988.0 1129797.0 1015.8
768 845968.0 1129797.0 1014.7
769 845948.0 1129797.0 1014.1
770 845928.0 1129797.0 1015.3
771 845908.0 1129797.0 1015.3
772 845887.0 1129797.0 1015.0
773 845867.0 1129797.0 1012.7
774 845847.0 1129797.0 1012.5
775 845827.0 1129797.0 1011.2
776 845807.0 1129797.0 1012.9
777 845787.0 1129797.0 1011.8
778 845767.0 1129797.0 1009.8
779 845747.0 1129797.0 1009.0
780 845727.0 1129797.0 1009.3
781 845708.0 1129797.0 1009.4
782 845688.0 1129797.0 1008.5
783 845668.0 1129797.0 1007.5
784 845648.0 1129797.0 1007.7
785 845628.0 1129797.0 1007.7
786 845608.0 1129797.0 1007.4
787 845588.0 1129797.0 1007.1
788 845568.0 1129797.0 1004.9
789 845547.0 1129797.0 1003.6
790 845527.0 1129797.0 1003.8
791 845507.0 1129797.0 1004.8
792 845487.0 1129797.0 1004.1
793 845467.0 1129797.0 1002.3
794 845447.0 1129797.0 999.9
795 845427.0 1129797.0 996.2
796 845407.0 1129797.0 992.9
797 845388.0 1129797.0 990.5
798 845368.0 1129797.0 989.1
799 845348.0 1129797.0 987.3
800 845328.0 1129797.0 985.0
801 846308.0 1129817.0 1132.4
802 846288.0 1129817.0 1117.7
803 846268.0 1129817.0 1097.8
804 846248.0 1129817.0 1073.8
805 846228.0 1129817.0 1047.4
806 846207.0 1129817.0 1034.0
807 846187.0 1129817.0 1019.2
808 846167.0 1129817.0 1008.9
809 846147.0 1129817.0 1006.7
810 846127.0 1129817.0 1006.3
811 846107.0 1129817.0 1006.4
812 846087.0 1129817.0 1006.8
813 846067.0 1129817.0 1007.2
814 846048.0 1129817.0 1008.5
815 846028.0 1129817.0 1009.7
816 846008.0 1129817.0 1009.1
817 845988.0 1129817.0 1009.0
818 845968.0 1129817.0 1008.9
819 845948.0 1129817.0 1008.6
820 845928.0 1129817.0 1007.8
821 845908.0 1129817.0 1006.4
822 845887.0 1129817.0 1007.0
823 845867.0 1129817.0 1007.3
824 845847.0 1129817.0 1007.5
825 845827.0 1129817.0 1007.9
826 845807.0 1129817.0 1006.9
827 845787.0 1129817.0 1006.1
828 845767.0 1129817.0 1005.6
829 845747.0 1129817.0 1006.0
830 845727.0 1129817.0 1006.7
831 845708.0 1129817.0 1007.2
832 845688.0 1129817.0 1006.9
833 845668.0 1129817.0 1007.0
834 845648.0 1129817.0 1007.3
835 845628.0 1129817.0 1007.6
836 845608.0 1129817.0 1008.2
837 845588.0 1129817.0 1006.5
838 845568.0 1129817.0 1005.9
839 845547.0 1129817.0 1006.0
840 845527.0 1129817.0 1005.8
841 845507.0 1129817.0 1005.2
842 845487.0 1129817.0 1003.5
843 845467.0 1129817.0 1001.4
844 845447.0 1129817.0 999.2
845 845427.0 1129817.0 996.5
846 845407.0 1129817.0 993.8
847 845388.0 1129817.0 992.7
848 845368.0 1129817.0 991.7
849 845348.0 1129817.0 990.2
850 845328.0 1129817.0 988.1
851 846308.0 1129847.0 1123.7
852 846288.0 1129847.0 1106.2
853 846268.0 1129847.0 1085.4
854 846248.0 1129847.0 1066.6
855 846228.0 1129847.0 1049.0
856 846207.0 1129847.0 1026.9
857 846187.0 1129847.0 1014.6
858 846167.0 1129847.0 1006.3
859 846147.0 1129847.0 1002.8
860 846127.0 1129847.0 1001.8
861 846107.0 1129847.0 1001.9
862 846087.0 1129847.0 1002.3
863 846067.0 1129847.0 1002.8
864 846048.0 1129847.0 1004.2
865 846028.0 1129847.0 1005.4
866 846008.0 1129847.0 1006.2
867 845988.0 1129847.0 1006.3
868 845968.0 1129847.0 1006.5
869 845948.0 1129847.0 1006.2
870 845928.0 1129847.0 1005.3
871 845908.0 1129847.0 1004.6
872 845887.0 1129847.0 1004.6
873 845867.0 1129847.0 1005.0
874 845847.0 1129847.0 1005.4
875 845827.0 1129847.0 1005.3
876 845807.0 1129847.0 1004.8
877 845787.0 1129847.0 1004.5
878 845767.0 1129847.0 1004.4
879 845747.0 1129847.0 1004.5
880 845727.0 1129847.0 1005.0
881 845708.0 1129847.0 1005.5
882 845688.0 1129847.0 1006.0
883 845668.0 1129847.0 1006.4
884 845648.0 1129847.0 1006.9
885 845628.0 1129847.0 1007.4
886 845608.0 1129847.0 1007.9
887 845588.0 1129847.0 1007.6
888 845568.0 1129847.0 1008.0
889 845547.0 1129847.0 1008.0
890 845527.0 1129847.0 1007.2
891 845507.0 1129847.0 1006.2
892 845487.0 1129847.0 1004.8
893 845467.0 1129847.0 1002.6
894 845447.0 1129847.0 1001.0
895 845427.0 1129847.0 998.8
896 845407.0 1129847.0 997.2
897 845388.0 1129847.0 996.2
898 845368.0 1129847.0 994.4
899 845348.0 1129847.0 992.7
900 845328.0 1129847.0 991.5
901 846308.0 1129867.0 1123.5
902 846288.0 1129867.0 1103.7
903 846268.0 1129867.0 1085.9
904 846248.0 1129867.0 1069.0
905 846228.0 1129867.0 1051.5
906 846207.0 1129867.0 1031.2
907 846187.0 1129867.0 1009.2
908 846167.0 1129867.0 1003.6
909 846147.0 1129867.0 1001.7
910 846127.0 1129867.0 1001.0
911 846107.0 1129867.0 1001.2
912 846087.0 1129867.0 1001.8
913 846067.0 1129867.0 1002.4
914 846048.0 1129867.0 1003.5
915 846028.0 1129867.0 1004.3
916 846008.0 1129867.0 1004.9
917 845988.0 1129867.0 1005.1
918 845968.0 1129867.0 1005.3
919 845948.0 1129867.0 1005.2
920 845928.0 1129867.0 1004.9
921 845908.0 1129867.0 1004.8
922 845887.0 1129867.0 1004.8
923 845867.0 1129867.0 1005.0
924 845847.0 1129867.0 1005.0
925 845827.0 1129867.0 1004.7
926 845807.0 1129867.0 1004.3
927 845787.0 1129867.0 1004.1
928 845767.0 1129867.0 1004.0
929 845747.0 1129867.0 1004.1
930 845727.0 1129867.0 1004.6
931 845708.0 1129867.0 1005.3
932 845688.0 1129867.0 1005.9
933 845668.0 1129867.0 1006.5
934 845648.0 1129867.0 1007.0
935 845628.0 1129867.0 1007.4
936 845608.0 1129867.0 1008.2
937 845588.0 1129867.0 1009.4
938 845568.0 1129867.0 1010.5
939 845547.0 1129867.0 1009.7
940 845527.0 1129867.0 1008.8
941 845507.0 1129867.0 1007.9
942 845487.0 1129867.0 1006.7
943 845467.0 1129867.0 1004.0
944 845447.0 1129867.0 1002.1
945 845427.0 1129867.0 1000.5
946 845407.0 1129867.0 1000.0
947 845388.0 1129867.0 998.5
948 845368.0 1129867.0 997.4
949 845348.0 1129867.0 995.6
950 845328.0 1129867.0 994.0
951 846308.0 1129887.0 1123.2
952 846288.0 1129887.0 1099.9
953 846268.0 1129887.0 1080.6
954 846248.0 1129887.0 1067.5
955 846228.0 1129887.0 1052.6
956 846207.0 1129887.0 1034.5
957 846187.0 1129887.0 1011.2
958 846167.0 1129887.0 1003.7
959 846147.0 1129887.0 1001.6
960 846127.0 1129887.0 1001.0
961 846107.0 1129887.0 1000.8
962 846087.0 1129887.0 1001.2
963 846067.0 1129887.0 1001.7
964 846048.0 1129887.0 1002.3
965 846028.0 1129887.0 1003.0
966 846008.0 1129887.0 1003.5
967 845988.0 1129887.0 1004.0
968 845968.0 1129887.0 1004.4
969 845948.0 1129887.0 1004.5
970 845928.0 1129887.0 1004.6
971 845908.0 1129887.0 1004.7
972 845887.0 1129887.0 1004.7
973 845867.0 1129887.0 1004.8
974 845847.0 1129887.0 1004.4
975 845827.0 1129887.0 1004.1
976 845807.0 1129887.0 1003.8
977 845787.0 1129887.0 1003.5
978 845767.0 1129887.0 1003.5
979 845747.0 1129887.0 1003.8
980 845727.0 1129887.0 1004.3
981 845708.0 1129887.0 1005.0
982 845688.0 1129887.0 1005.8
983 845668.0 1129887.0 1006.6
984 845648.0 1129887.0 1007.4
985 845628.0 1129887.0 1008.2
986 845608.0 1129887.0 1010.5
987 845588.0 1129887.0 1011.9
988 845568.0 1129887.0 1011.5
989 845547.0 1129887.0 1011.5
990 845527.0 1129887.0 1010.5
991 845507.0 1129887.0 1009.5
992 845487.0 1129887.0 1007.9
993 845467.0 1129887.0 1005.4
994 845447.0 1129887.0 1003.8
995 845427.0 1129887.0 1003.2
996 845407.0 1129887.0 1003.0
997 845388.0 1129887.0 1001.4
998 845368.0 1129887.0 999.1
999 845348.0 1129887.0 998.1
1000 845328.0 1129887.0 996.5
1001 846308.0 1129907.0 1118.6
1002 846288.0 1129907.0 1099.5
1003 846268.0 1129907.0 1077.4
1004 846248.0 1129907.0 1060.2
1005 846228.0 1129907.0 1047.1
1006 846207.0 1129907.0 1034.1
1007 846187.0 1129907.0 1015.9
1008 846167.0 1129907.0 1007.2
1009 846147.0 1129907.0 1003.0
1010 846127.0 1129907.0 1001.3
1011 846107.0 1129907.0 1000.7
1012 846087.0 1129907.0 1000.8
1013 846067.0 1129907.0 1001.3
1014 846048.0 1129907.0 1001.8
1015 846028.0 1129907.0 1002.4
1016 846008.0 1129907.0 1002.9
1017 845988.0 1129907.0 1003.4
1018 845968.0 1129907.0 1003.7
1019 845948.0 1129907.0 1004.0
1020 845928.0 1129907.0 1004.2
1021 845908.0 1129907.0 1004.3
1022 845887.0 1129907.0 1004.4
1023 845867.0 1129907.0 1004.5
1024 845847.0 1129907.0 1004.3
1025 845827.0 1129907.0 1004.0
1026 845807.0 1129907.0 1003.8
1027 845787.0 1129907.0 1003.6
1028 845767.0 1129907.0 1003.6
1029 845747.0 1129907.0 1003.8
1030 845727.0 1129907.0 1004.1
1031 845708.0 1129907.0 1004.8
1032 845688.0 1129907.0 1005.6
1033 845668.0 1129907.0 1006.6
1034 845648.0 1129907.0 1007.8
1035 845628.0 1129907.0 1010.1
1036 845608.0 1129907.0 1012.5
1037 845588.0 1129907.0 1014.0
1038 845568.0 1129907.0 1013.7
1039 845547.0 1129907.0 1013.0
1040 845527.0 1129907.0 1012.8
1041 845507.0 1129907.0 1010.9
1042 845487.0 1129907.0 1008.7
1043 845467.0 1129907.0 1007.6
1044 845447.0 1129907.0 1006.4
1045 845427.0 1129907.0 1006.0
1046 845407.0 1129907.0 1004.9
1047 845388.0 1129907.0 1002.7
1048 845368.0 1129907.0 1002.0
1049 845348.0 1129907.0 1000.5
1050 845328.0 1129907.0 998.8
1051 846308.0 1129927.0 1115.1
1052 846288.0 1129927.0 1095.8
1053 846268.0 1129927.0 1081.3
1054 846248.0 1129927.0 1062.5
1055 846228.0 1129927.0 1049.2
1056 846207.0 1129927.0 1037.2
1057 846187.0 1129927.0 1022.2
1058 846167.0 1129927.0 1011.6
1059 846147.0 1129927.0 1004.3
1060 846127.0 1129927.0 1002.0
1061 846107.0 1129927.0 1001.1
1062 846087.0 1129927.0 1001.0
1063 846067.0 1129927.0 1001.2
1064 846048.0 1129927.0 1001.6
1065 846028.0 1129927.0 1002.1
1066 846008.0 1129927.0 1002.6
1067 845988.0 1129927.0 1003.0
1068 845968.0 1129927.0 1003.4
1069 845948.0 1129927.0 1003.7
1070 845928.0 1129927.0 1003.9
1071 845908.0 1129927.0 1004.1
1072 845887.0 1129927.0 1004.2
1073 845867.0 1129927.0 1004.3
1074 845847.0 1129927.0 1004.2
1075 845827.0 1129927.0 1004.0
1076 845807.0 1129927.0 1003.8
1077 845787.0 1129927.0 1003.7
1078 845767.0 1129927.0 1003.7
1079 845747.0 1129927.0 1003.9
1080 845727.0 1129927.0 1004.1
1081 845708.0 1129927.0 1004.6
1082 845688.0 1129927.0 1005.5
1083 845668.0 1129927.0 1006.9
1084 845648.0 1129927.0 1008.2
1085 845628.0 1129927.0 1012.8
1086 845608.0 1129927.0 1014.7
1087 845588.0 1129927.0 1015.5
1088 845568.0 1129927.0 1015.3
1089 845547.0 1129927.0 1015.6
1090 845527.0 1129927.0 1014.2
1091 845507.0 1129927.0 1011.7
1092 845487.0 1129927.0 1010.4
1093 845467.0 1129927.0 1010.1
1094 845447.0 1129927.0 1009.8
1095 845427.0 1129927.0 1008.1
1096 845407.0 1129927.0 1006.9
1097 845388.0 1129927.0 1006.1
1098 845368.0 1129927.0 1003.5
1099 845348.0 1129927.0 1003.3
1100 845328.0 1129927.0 1001.0
1101 846308.0 1129947.0 1112.9
1102 846288.0 1129947.0 1096.3
1103 846268.0 1129947.0 1081.8
1104 846248.0 1129947.0 1067.1
1105 846228.0 1129947.0 1051.5
1106 846207.0 1129947.0 1037.9
1107 846187.0 1129947.0 1026.8
1108 846167.0 1129947.0 1015.8
1109 846147.0 1129947.0 1005.2
1110 846127.0 1129947.0 1002.8
1111 846107.0 1129947.0 1001.8
1112 846087.0 1129947.0 1001.5
1113 846067.0 1129947.0 1001.6
1114 846048.0 1129947.0 1001.8
1115 846028.0 1129947.0 1002.2
1116 846008.0 1129947.0 1002.5
1117 845988.0 1129947.0 1002.9
1118 845968.0 1129947.0 1003.2
1119 845948.0 1129947.0 1003.5
1120 845928.0 1129947.0 1003.8
1121 845908.0 1129947.0 1004.0
1122 845887.0 1129947.0 1004.2
1123 845867.0 1129947.0 1004.3
1124 845847.0 1129947.0 1004.3
1125 845827.0 1129947.0 1004.2
1126 845807.0 1129947.0 1004.0
1127 845787.0 1129947.0 1004.0
1128 845767.0 1129947.0 1004.0
1129 845747.0 1129947.0 1004.1
1130 845727.0 1129947.0 1004.2
1131 845708.0 1129947.0 1004.7
1132 845688.0 1129947.0 1005.7
1133 845668.0 1129947.0 1007.3
1134 845648.0 1129947.0 1010.7
1135 845628.0 1129947.0 1016.3
1136 845608.0 1129947.0 1017.1
1137 845588.0 1129947.0 1017.3
1138 845568.0 1129947.0 1016.9
1139 845547.0 1129947.0 1017.0
1140 845527.0 1129947.0 1015.5
1141 845507.0 1129947.0 1013.9
1142 845487.0 1129947.0 1012.8
1143 845467.0 1129947.0 1012.7
1144 845447.0 1129947.0 1012.0
1145 845427.0 1129947.0 1011.0
1146 845407.0 1129947.0 1009.9
1147 845388.0 1129947.0 1008.8
1148 845368.0 1129947.0 1006.2
1149 845348.0 1129947.0 1005.3
1150 845328.0 1129947.0 1002.0
1151 846308.0 1129967.0 1109.6
1152 846288.0 1129967.0 1096.3
1153 846268.0 1129967.0 1082.9
1154 846248.0 1129967.0 1067.4
1155 846228.0 1129967.0 1053.0
1156 846207.0 1129967.0 1037.0
1157 846187.0 1129967.0 1025.1
1158 846167.0 1129967.0 1011.2
1159 846147.0 1129967.0 1006.0
1160 846127.0 1129967.0 1003.9
1161 846107.0 1129967.0 1002.9
1162 846087.0 1129967.0 1002.4
1163 846067.0 1129967.0 1002.2
1164 846048.0 1129967.0 1002.3
1165 846028.0 1129967.0 1002.5
1166 846008.0 1129967.0 1002.7
1167 845988.0 1129967.0 1003.0
1168 845968.0 1129967.0 1003.3
1169 845948.0 1129967.0 1003.6
1170 845928.0 1129967.0 1003.8
1171 845908.0 1129967.0 1004.0
1172 845887.0 1129967.0 1004.3
1173 845867.0 1129967.0 1004.4
1174 845847.0 1129967.0 1004.4
1175 845827.0 1129967.0 1004.4
1176 845807.0 1129967.0 1004.4
1177 845787.0 1129967.0 1004.4
1178 845767.0 1129967.0 1004.4
1179 845747.0 1129967.0 1004.5
1180 845727.0 1129967.0 1004.6
1181 845708.0 1129967.0 1005.0
1182 845688.0 1129967.0 1006.5
1183 845668.0 1129967.0 1009.1
1184 845648.0 1129967.0 1014.7
1185 845628.0 1129967.0 1018.2
1186 845608.0 1129967.0 1019.6
1187 845588.0 1129967.0 1018.9
1188 845568.0 1129967.0 1018.7
1189 845547.0 1129967.0 1018.3
1190 845527.0 1129967.0 1016.9
1191 845507.0 1129967.0 1015.6
1192 845487.0 1129967.0 1015.7
1193 845467.0 1129967.0 1016.0
1194 845447.0 1129967.0 1014.5
1195 845427.0 1129967.0 1012.9
1196 845407.0 1129967.0 1012.0
1197 845388.0 1129967.0 1011.3
1198 845368.0 1129967.0 1009.4
1199 845348.0 1129967.0 1007.5
1200 845328.0 1129967.0 1006.4
1201 846308.0 1129987.0 1110.3
1202 846288.0 1129987.0 1098.7
1203 846268.0 1129987.0 1089.0
1204 846248.0 1129987.0 1073.2
1205 846228.0 1129987.0 1060.8
1206 846207.0 1129987.0 1047.3
1207 846187.0 1129987.0 1021.8
1208 846167.0 1129987.0 1010.5
1209 846147.0 1129987.0 1007.3
1210 846127.0 1129987.0 1005.6
1211 846107.0 1129987.0 1004.3
1212 846087.0 1129987.0 1003.5
1213 846067.0 1129987.0 1003.1
1214 846048.0 1129987.0 1003.0
1215 846028.0 1129987.0 1003.0
1216 846008.0 1129987.0 1003.1
1217 845988.0 1129987.0 1003.3
1218 845968.0 1129987.0 1003.5
1219 845948.0 1129987.0 1003.8
1220 845928.0 1129987.0 1004.0
1221 845908.0 1129987.0 1004.2
1222 845887.0 1129987.0 1004.4
1223 845867.0 1129987.0 1004.6
1224 845847.0 1129987.0 1004.7
1225 845827.0 1129987.0 1004.7
1226 845807.0 1129987.0 1004.8
1227 845787.0 1129987.0 1004.9
1228 845767.0 1129987.0 1005.0
1229 845747.0 1129987.0 1005.3
1230 845727.0 1129987.0 1005.4
1231 845708.0 1129987.0 1006.2
1232 845688.0 1129987.0 1008.8
1233 845668.0 1129987.0 1014.5
1234 845648.0 1129987.0 1019.9
1235 845628.0 1129987.0 1021.8
1236 845608.0 1129987.0 1021.2
1237 845588.0 1129987.0 1020.7
1238 845568.0 1129987.0 1020.4
1239 845547.0 1129987.0 1019.9
1240 845527.0 1129987.0 1019.2
1241 845507.0 1129987.0 1018.7
1242 845487.0 1129987.0 1018.3
1243 845467.0 1129987.0 1018.4
1244 845447.0 1129987.0 1016.8
1245 845427.0 1129987.0 1016.6
1246 845407.0 1129987.0 1014.4
1247 845388.0 1129987.0 1012.6
1248 845368.0 1129987.0 1010.5
1249 845348.0 1129987.0 1011.1
1250 845328.0 1129987.0 1009.3
1251 846308.0 1130017.0 1117.4
1252 846288.0 1130017.0 1104.5
1253 846268.0 1130017.0 1091.0
1254 846248.0 1130017.0 1077.1
1255 846228.0 1130017.0 1064.0
1256 846207.0 1130017.0 1049.6
1257 846187.0 1130017.0 1033.9
1258 846167.0 1130017.0 1013.1
1259 846147.0 1130017.0 1005.8
1260 846127.0 1130017.0 1003.4
1261 846107.0 1130017.0 1004.5
1262 846087.0 1130017.0 1005.6
1263 846067.0 1130017.0 1006.0
1264 846048.0 1130017.0 1005.5
1265 846028.0 1130017.0 1005.2
1266 846008.0 1130017.0 1004.9
1267 845988.0 1130017.0 1004.4
1268 845968.0 1130017.0 1004.1
1269 845948.0 1130017.0 1003.9
1270 845928.0 1130017.0 1003.8
1271 845908.0 1130017.0 1003.8
1272 845887.0 1130017.0 1003.9
1273 845867.0 1130017.0 1004.0
1274 845847.0 1130017.0 1004.2
1275 845827.0 1130017.0 1004.5
1276 845807.0 1130017.0 1004.7
1277 845787.0 1130017.0 1004.8
1278 845767.0 1130017.0 1005.1
1279 845747.0 1130017.0 1005.3
1280 845727.0 1130017.0 1007.0
1281 845708.0 1130017.0 1009.2
1282 845688.0 1130017.0 1015.0
1283 845668.0 1130017.0 1018.7
1284 845648.0 1130017.0 1024.1
1285 845628.0 1130017.0 1025.6
1286 845608.0 1130017.0 1026.1
1287 845588.0 1130017.0 1023.8
1288 845568.0 1130017.0 1023.0
1289 845547.0 1130017.0 1023.2
1290 845527.0 1130017.0 1024.0
1291 845507.0 1130017.0 1023.2
1292 845487.0 1130017.0 1022.1
1293 845467.0 1130017.0 1021.1
1294 845447.0 1130017.0 1020.2
1295 845427.0 1130017.0 1020.0
1296 845407.0 1130017.0 1018.1
1297 845388.0 1130017.0 1018.0
1298 845368.0 1130017.0 1015.3
1299 845348.0 1130017.0 1014.2
1300 845328.0 1130017.0 1013.3
1301 846308.0 1130037.0 1116.3
1302 846288.0 1130037.0 1104.3
1303 846268.0 1130037.0 1091.0
1304 846248.0 1130037.0 1076.7
1305 846228.0 1130037.0 1063.2
1306 846207.0 1130037.0 1051.8
1307 846187.0 1130037.0 1036.7
1308 846167.0 1130037.0 1021.0
1309 846147.0 1130037.0 1009.0
1310 846127.0 1130037.0 1005.6
1311 846107.0 1130037.0 1006.2
1312 846087.0 1130037.0 1006.0
1313 846067.0 1130037.0 1005.8
1314 846048.0 1130037.0 1005.3
1315 846028.0 1130037.0 1004.9
1316 846008.0 1130037.0 1004.6
1317 845988.0 1130037.0 1004.3
1318 845968.0 1130037.0 1004.1
1319 845948.0 1130037.0 1004.1
1320 845928.0 1130037.0 1004.0
1321 845908.0 1130037.0 1003.9
1322 845887.0 1130037.0 1004.0
1323 845867.0 1130037.0 1004.1
1324 845847.0 1130037.0 1004.4
1325 845827.0 1130037.0 1004.8
1326 845807.0 1130037.0 1005.0
1327 845787.0 1130037.0 1005.3
1328 845767.0 1130037.0 1005.9
1329 845747.0 1130037.0 1007.0
1330 845727.0 1130037.0 1008.8
1331 845708.0 1130037.0 1014.0
1332 845688.0 1130037.0 1018.6
1333 845668.0 1130037.0 1022.1
1334 845648.0 1130037.0 1026.3
1335 845628.0 1130037.0 1028.5
1336 845608.0 1130037.0 1027.3
1337 845588.0 1130037.0 1026.4
1338 845568.0 1130037.0 1025.6
1339 845547.0 1130037.0 1025.0
1340 845527.0 1130037.0 1026.4
1341 845507.0 1130037.0 1026.1
1342 845487.0 1130037.0 1025.4
1343 845467.0 1130037.0 1024.3
1344 845447.0 1130037.0 1023.6
1345 845427.0 1130037.0 1022.8
1346 845407.0 1130037.0 1023.6
1347 845388.0 1130037.0 1019.9
1348 845368.0 1130037.0 1018.0
1349 845348.0 1130037.0 1017.4
1350 845328.0 1130037.0 1015.3
1351 846308.0 1130057.0 1114.3
1352 846288.0 1130057.0 1101.7
1353 846268.0 1130057.0 1089.1
1354 846248.0 1130057.0 1075.9
1355 846228.0 1130057.0 1061.8
1356 846207.0 1130057.0 1049.5
1357 846187.0 1130057.0 1041.3
1358 846167.0 1130057.0 1024.8
1359 846147.0 1130057.0 1009.5
1360 846127.0 1130057.0 1006.5
1361 846107.0 1130057.0 1006.7
1362 846087.0 1130057.0 1006.0
1363 846067.0 1130057.0 1005.5
1364 846048.0 1130057.0 1005.1
1365 846028.0 1130057.0 1004.7
1366 846008.0 1130057.0 1004.5
1367 845988.0 1130057.0 1004.3
1368 845968.0 1130057.0 1004.2
1369 845948.0 1130057.0 1004.2
1370 845928.0 1130057.0 1004.0
1371 845908.0 1130057.0 1004.0
1372 845887.0 1130057.0 1004.1
1373 845867.0 1130057.0 1004.3
1374 845847.0 1130057.0 1004.6
1375 845827.0 1130057.0 1005.1
1376 845807.0 1130057.0 1005.6
1377 845787.0 1130057.0 1006.1
1378 845767.0 1130057.0 1006.9
1379 845747.0 1130057.0 1009.0
1380 845727.0 1130057.0 1014.0
1381 845708.0 1130057.0 1018.5
1382 845688.0 1130057.0 1022.3
1383 845668.0 1130057.0 1026.4
1384 845648.0 1130057.0 1029.6
1385 845628.0 1130057.0 1030.9
1386 845608.0 1130057.0 1029.8
1387 845588.0 1130057.0 1029.0
1388 845568.0 1130057.0 1027.8
1389 845547.0 1130057.0 1029.3
1390 845527.0 1130057.0 1029.7
1391 845507.0 1130057.0 1030.3
1392 845487.0 1130057.0 1028.0
1393 845467.0 1130057.0 1027.8
1394 845447.0 1130057.0 1028.8
1395 845427.0 1130057.0 1027.8
1396 845407.0 1130057.0 1024.9
1397 845388.0 1130057.0 1020.8
1398 845368.0 1130057.0 1022.1
1399 845348.0 1130057.0 1019.0
1400 845328.0 1130057.0 1015.2
1401 846308.0 1130077.0 1112.8
1402 846288.0 1130077.0 1100.1
1403 846268.0 1130077.0 1087.1
1404 846248.0 1130077.0 1073.6
1405 846228.0 1130077.0 1061.2
1406 846207.0 1130077.0 1048.1
1407 846187.0 1130077.0 1034.8
1408 846167.0 1130077.0 1022.9
1409 846147.0 1130077.0 1011.4
1410 846127.0 1130077.0 1006.7
1411 846107.0 1130077.0 1006.2
1412 846087.0 1130077.0 1005.8
1413 846067.0 1130077.0 1005.4
1414 846048.0 1130077.0 1005.0
1415 846028.0 1130077.0 1004.7
1416 846008.0 1130077.0 1004.5
1417 845988.0 1130077.0 1004.3
1418 845968.0 1130077.0 1004.2
1419 845948.0 1130077.0 1004.3
1420 845928.0 1130077.0 1004.0
1421 845908.0 1130077.0 1003.9
1422 845887.0 1130077.0 1004.1
1423 845867.0 1130077.0 1004.3
1424 845847.0 1130077.0 1004.8
1425 845827.0 1130077.0 1005.7
1426 845807.0 1130077.0 1006.4
1427 845787.0 1130077.0 1007.2
1428 845767.0 1130077.0 1008.5
1429 845747.0 1130077.0 1014.3
1430 845727.0 1130077.0 1018.9
1431 845708.0 1130077.0 1022.9
1432 845688.0 1130077.0 1026.0
1433 845668.0 1130077.0 1029.2
1434 845648.0 1130077.0 1032.8
1435 845628.0 1130077.0 1032.4
1436 845608.0 1130077.0 1032.0
1437 845588.0 1130077.0 1030.7
1438 845568.0 1130077.0 1031.9
1439 845547.0 1130077.0 1031.8
1440 845527.0 1130077.0 1031.8
1441 845507.0 1130077.0 1032.2
1442 845487.0 1130077.0 1033.0
1443 845467.0 1130077.0 1033.7
1444 845447.0 1130077.0 1033.0
1445 845427.0 1130077.0 1028.7
1446 845407.0 1130077.0 1027.2
1447 845388.0 1130077.0 1025.7
1448 845368.0 1130077.0 1022.1
1449 845348.0 1130077.0 1018.5
1450 845328.0 1130077.0 1016.7
1451 846308.0 1130097.0 1113.6
1452 846288.0 1130097.0 1102.2
1453 846268.0 1130097.0 1088.8
1454 846248.0 1130097.0 1076.7
1455 846228.0 1130097.0 1062.3
1456 846207.0 1130097.0 1045.3
1457 846187.0 1130097.0 1032.7
1458 846167.0 1130097.0 1022.9
1459 846147.0 1130097.0 1011.6
1460 846127.0 1130097.0 1008.1
1461 846107.0 1130097.0 1006.4
1462 846087.0 1130097.0 1006.0
1463 846067.0 1130097.0 1005.6
1464 846048.0 1130097.0 1005.0
1465 846028.0 1130097.0 1004.6
1466 846008.0 1130097.0 1004.5
1467 845988.0 1130097.0 1004.2
1468 845968.0 1130097.0 1004.2
1469 845948.0 1130097.0 1004.2
1470 845928.0 1130097.0 1003.9
1471 845908.0 1130097.0 1003.8
1472 845887.0 1130097.0 1004.0
1473 845867.0 1130097.0 1004.3
1474 845847.0 1130097.0 1005.1
1475 845827.0 1130097.0 1006.4
1476 845807.0 1130097.0 1007.6
1477 845787.0 1130097.0 1008.5
1478 845767.0 1130097.0 1012.8
1479 845747.0 1130097.0 1018.6
1480 845727.0 1130097.0 1023.4
1481 845708.0 1130097.0 1025.6
1482 845688.0 1130097.0 1029.3
1483 845668.0 1130097.0 1033.8
1484 845648.0 1130097.0 1036.1
1485 845628.0 1130097.0 1035.0
1486 845608.0 1130097.0 1034.6
1487 845588.0 1130097.0 1034.8
1488 845568.0 1130097.0 1035.0
1489 845547.0 1130097.0 1034.5
1490 845527.0 1130097.0 1035.0
1491 845507.0 1130097.0 1035.0
1492 845487.0 1130097.0 1037.2
1493 845467.0 1130097.0 1035.3
1494 845447.0 1130097.0 1034.5
1495 845427.0 1130097.0 1032.3
1496 845407.0 1130097.0 1028.4
1497 845388.0 1130097.0 1024.8
1498 845368.0 1130097.0 1022.1
1499 845348.0 1130097.0 1021.3
1500 845328.0 1130097.0 1019.9
1501 846308.0 1130117.0 1109.7
1502 846288.0 1130117.0 1100.0
1503 846268.0 1130117.0 1083.5
1504 846248.0 1130117.0 1066.4
1505 846228.0 1130117.0 1049.4
1506 846207.0 1130117.0 1040.5
1507 846187.0 1130117.0 1030.4
1508 846167.0 1130117.0 1020.8
1509 846147.0 1130117.0 1014.9
1510 846127.0 1130117.0 1008.7
1511 846107.0 1130117.0 1007.0
1512 846087.0 1130117.0 1006.6
1513 846067.0 1130117.0 1006.0
1514 846048.0 1130117.0 1005.3
1515 846028.0 1130117.0 1004.7
1516 846008.0 1130117.0 1004.3
1517 845988.0 1130117.0 1004.2
1518 845968.0 1130117.0 1004.1
1519 845948.0 1130117.0 1004.1
1520 845928.0 1130117.0 1003.7
1521 845908.0 1130117.0 1003.5
1522 845887.0 1130117.0 1003.8
1523 845867.0 1130117.0 1004.3
1524 845847.0 1130117.0 1005.5
1525 845827.0 1130117.0 1007.2
1526 845807.0 1130117.0 1008.7
1527 845787.0 1130117.0 1013.1
1528 845767.0 1130117.0 1018.5
1529 845747.0 1130117.0 1023.3
1530 845727.0 1130117.0 1026.0
1531 845708.0 1130117.0 1029.5
1532 845688.0 1130117.0 1034.5
1533 845668.0 1130117.0 1038.0
1534 845648.0 1130117.0 1038.1
1535 845628.0 1130117.0 1037.6
1536 845608.0 1130117.0 1037.0
1537 845588.0 1130117.0 1037.5
1538 845568.0 1130117.0 1037.5
1539 845547.0 1130117.0 1037.8
1540 845527.0 1130117.0 1037.1
1541 845507.0 1130117.0 1036.0
1542 845487.0 1130117.0 1037.7
1543 845467.0 1130117.0 1036.7
1544 845447.0 1130117.0 1035.9
1545 845427.0 1130117.0 1031.5
1546 845407.0 1130117.0 1027.1
1547 845388.0 1130117.0 1025.4
1548 845368.0 1130117.0 1024.4
1549 845348.0 1130117.0 1023.8
1550 845328.0 1130117.0 1022.9
1551 846308.0 1130137.0 1117.0
1552 846288.0 1130137.0 1105.2
1553 846268.0 1130137.0 1090.6
1554 846248.0 1130137.0 1076.4
1555 846228.0 1130137.0 1061.2
1556 846207.0 1130137.0 1043.3
1557 846187.0 1130137.0 1029.5
1558 846167.0 1130137.0 1022.0
1559 846147.0 1130137.0 1014.6
1560 846127.0 1130137.0 1007.7
1561 846107.0 1130137.0 1008.6
1562 846087.0 1130137.0 1007.4
1563 846067.0 1130137.0 1006.3
1564 846048.0 1130137.0 1005.4
1565 846028.0 1130137.0 1004.8
1566 846008.0 1130137.0 1004.4
1567 845988.0 1130137.0 1004.0
1568 845968.0 1130137.0 1003.9
1569 845948.0 1130137.0 1004.0
1570 845928.0 1130137.0 1003.3
1571 845908.0 1130137.0 1003.1
1572 845887.0 1130137.0 1003.5
1573 845867.0 1130137.0 1004.7
1574 845847.0 1130137.0 1006.3
1575 845827.0 1130137.0 1008.1
1576 845807.0 1130137.0 1012.1
1577 845787.0 1130137.0 1018.0
1578 845767.0 1130137.0 1023.5
1579 845747.0 1130137.0 1027.3
1580 845727.0 1130137.0 1031.4
1581 845708.0 1130137.0 1035.8
1582 845688.0 1130137.0 1040.3
1583 845668.0 1130137.0 1041.3
1584 845648.0 1130137.0 1041.6
1585 845628.0 1130137.0 1039.8
1586 845608.0 1130137.0 1041.1
1587 845588.0 1130137.0 1041.5
1588 845568.0 1130137.0 1042.2
1589 845547.0 1130137.0 1041.7
1590 845527.0 1130137.0 1039.6
1591 845507.0 1130137.0 1039.0
1592 845487.0 1130137.0 1040.5
1593 845467.0 1130137.0 1040.4
1594 845447.0 1130137.0 1036.2
1595 845427.0 1130137.0 1030.8
1596 845407.0 1130137.0 1028.5
1597 845388.0 1130137.0 1028.1
1598 845368.0 1130137.0 1027.3
1599 845348.0 1130137.0 1026.4
1600 845328.0 1130137.0 1025.9
1601 846308.0 1130157.0 1119.8
1602 846288.0 1130157.0 1109.3
1603 846268.0 1130157.0 1098.6
1604 846248.0 1130157.0 1084.5
1605 846228.0 1130157.0 1066.6
1606 846207.0 1130157.0 1048.0
1607 846187.0 1130157.0 1027.3
1608 846167.0 1130157.0 1018.4
1609 846147.0 1130157.0 1012.4
1610 846127.0 1130157.0 1007.6
1611 846107.0 1130157.0 1008.7
1612 846087.0 1130157.0 1007.0
1613 846067.0 1130157.0 1005.9
1614 846048.0 1130157.0 1005.1
1615 846028.0 1130157.0 1004.6
1616 846008.0 1130157.0 1004.3
1617 845988.0 1130157.0 1003.9
1618 845968.0 1130157.0 1003.7
1619 845948.0 1130157.0 1003.7
1620 845928.0 1130157.0 1002.8
1621 845908.0 1130157.0 1002.5
1622 845887.0 1130157.0 1003.2
1623 845867.0 1130157.0 1004.7
1624 845847.0 1130157.0 1007.2
1625 845827.0 1130157.0 1011.2
1626 845807.0 1130157.0 1017.5
1627 845787.0 1130157.0 1023.3
1628 845767.0 1130157.0 1027.3
1629 845747.0 1130157.0 1033.0
1630 845727.0 1130157.0 1038.0
1631 845708.0 1130157.0 1043.2
1632 845688.0 1130157.0 1044.5
1633 845668.0 1130157.0 1044.0
1634 845648.0 1130157.0 1044.7
1635 845628.0 1130157.0 1046.4
1636 845608.0 1130157.0 1045.4
1637 845588.0 1130157.0 1044.9
1638 845568.0 1130157.0 1044.0
1639 845547.0 1130157.0 1043.1
1640 845527.0 1130157.0 1043.6
1641 845507.0 1130157.0 1044.3
1642 845487.0 1130157.0 1042.3
1643 845467.0 1130157.0 1041.6
1644 845447.0 1130157.0 1035.7
1645 845427.0 1130157.0 1033.4
1646 845407.0 1130157.0 1032.0
1647 845388.0 1130157.0 1030.6
1648 845368.0 1130157.0 1030.1
1649 845348.0 1130157.0 1029.5
1650 845328.0 1130157.0 1029.1
1651 846308.0 1130167.0 1121.4
1652 846288.0 1130167.0 1110.6
1653 846268.0 1130167.0 1100.8
1654 846248.0 1130167.0 1086.1
1655 846228.0 1130167.0 1068.6
1656 846207.0 1130167.0 1054.1
1657 846187.0 1130167.0 1032.2
1658 846167.0 1130167.0 1019.4
1659 846147.0 1130167.0 1011.2
1660 846127.0 1130167.0 1007.6
1661 846107.0 1130167.0 1007.3
1662 846087.0 1130167.0 1006.3
1663 846067.0 1130167.0 1005.5
1664 846048.0 1130167.0 1004.8
1665 846028.0 1130167.0 1004.5
1666 846008.0 1130167.0 1004.2
1667 845988.0 1130167.0 1003.8
1668 845968.0 1130167.0 1003.6
1669 845948.0 1130167.0 1003.6
1670 845928.0 1130167.0 1002.5
1671 845908.0 1130167.0 1002.3
1672 845887.0 1130167.0 1003.2
1673 845867.0 1130167.0 1004.9
1674 845847.0 1130167.0 1007.7
1675 845827.0 1130167.0 1013.1
1676 845807.0 1130167.0 1020.2
1677 845787.0 1130167.0 1025.7
1678 845767.0 1130167.0 1030.6
1679 845747.0 1130167.0 1036.7
1680 845727.0 1130167.0 1041.2
1681 845708.0 1130167.0 1045.4
1682 845688.0 1130167.0 1046.1
1683 845668.0 1130167.0 1047.2
1684 845648.0 1130167.0 1049.5
1685 845628.0 1130167.0 1049.2
1686 845608.0 1130167.0 1047.6
1687 845588.0 1130167.0 1046.9
1688 845568.0 1130167.0 1044.5
1689 845547.0 1130167.0 1045.5
1690 845527.0 1130167.0 1045.6
1691 845507.0 1130167.0 1045.8
1692 845487.0 1130167.0 1043.9
1693 845467.0 1130167.0 1041.8
1694 845447.0 1130167.0 1037.2
1695 845427.0 1130167.0 1035.1
1696 845407.0 1130167.0 1033.6
1697 845388.0 1130167.0 1032.6
1698 845368.0 1130167.0 1031.9
1699 845348.0 1130167.0 1031.1
1700 845328.0 1130167.0 1030.9
1701 846308.0 1130187.0 1125.4
1702 846288.0 1130187.0 1112.7
1703 846268.0 1130187.0 1097.5
1704 846248.0 1130187.0 1088.3
1705 846228.0 1130187.0 1073.0
1706 846207.0 1130187.0 1058.0
1707 846187.0 1130187.0 1045.1
1708 846167.0 1130187.0 1027.9
1709 846147.0 1130187.0 1013.5
1710 846127.0 1130187.0 1006.6
1711 846107.0 1130187.0 1005.2
1712 846087.0 1130187.0 1004.9
1713 846067.0 1130187.0 1004.5
1714 846048.0 1130187.0 1004.2
1715 846028.0 1130187.0 1004.1
1716 846008.0 1130187.0 1004.0
1717 845988.0 1130187.0 1003.6
1718 845968.0 1130187.0 1003.4
1719 845948.0 1130187.0 1003.4
1720 845928.0 1130187.0 1002.5
1721 845908.0 1130187.0 1002.5
1722 845887.0 1130187.0 1003.9
1723 845867.0 1130187.0 1006.7
1724 845847.0 1130187.0 1010.8
1725 845827.0 1130187.0 1017.3
1726 845807.0 1130187.0 1025.8
1727 845787.0 1130187.0 1031.7
1728 845767.0 1130187.0 1038.5
1729 845747.0 1130187.0 1044.3
1730 845727.0 1130187.0 1046.5
1731 845708.0 1130187.0 1049.2
1732 845688.0 1130187.0 1050.4
1733 845668.0 1130187.0 1054.6
1734 845648.0 1130187.0 1053.7
1735 845628.0 1130187.0 1053.7
1736 845608.0 1130187.0 1050.7
1737 845588.0 1130187.0 1049.4
1738 845568.0 1130187.0 1050.7
1739 845547.0 1130187.0 1049.8
1740 845527.0 1130187.0 1049.7
1741 845507.0 1130187.0 1048.5
1742 845487.0 1130187.0 1045.5
1743 845467.0 1130187.0 1042.0
1744 845447.0 1130187.0 1039.8
1745 845427.0 1130187.0 1038.4
1746 845407.0 1130187.0 1036.9
1747 845388.0 1130187.0 1036.0
1748 845368.0 1130187.0 1035.5
1749 845348.0 1130187.0 1034.9
1750 845328.0 1130187.0 1034.7
1751 846308.0 1130207.0 1122.5
1752 846288.0 1130207.0 1111.0
1753 846268.0 1130207.0 1098.4
1754 846248.0 1130207.0 1087.1
1755 846228.0 1130207.0 1077.9
1756 846207.0 1130207.0 1065.3
1757 846187.0 1130207.0 1048.3
1758 846167.0 1130207.0 1033.3
1759 846147.0 1130207.0 1017.5
1760 846127.0 1130207.0 1006.9
1761 846107.0 1130207.0 1004.8
1762 846087.0 1130207.0 1003.9
1763 846067.0 1130207.0 1003.7
1764 846048.0 1130207.0 1003.6
1765 846028.0 1130207.0 1003.8
1766 846008.0 1130207.0 1003.8
1767 845988.0 1130207.0 1003.4
1768 845968.0 1130207.0 1003.3
1769 845948.0 1130207.0 1003.3
1770 845928.0 1130207.0 1003.0
1771 845908.0 1130207.0 1003.3
1772 845887.0 1130207.0 1005.2
1773 845867.0 1130207.0 1009.5
1774 845847.0 1130207.0 1015.5
1775 845827.0 1130207.0 1023.3
1776 845807.0 1130207.0 1031.1
1777 845787.0 1130207.0 1037.7
1778 845767.0 1130207.0 1044.4
1779 845747.0 1130207.0 1049.6
1780 845727.0 1130207.0 1051.9
1781 845708.0 1130207.0 1054.3
1782 845688.0 1130207.0 1057.1
1783 845668.0 1130207.0 1058.7
1784 845648.0 1130207.0 1056.8
1785 845628.0 1130207.0 1055.7
1786 845608.0 1130207.0 1054.0
1787 845588.0 1130207.0 1055.1
1788 845568.0 1130207.0 1055.6
1789 845547.0 1130207.0 1055.5
1790 845527.0 1130207.0 1052.1
1791 845507.0 1130207.0 1048.6
1792 845487.0 1130207.0 1046.5
1793 845467.0 1130207.0 1044.8
1794 845447.0 1130207.0 1043.3
1795 845427.0 1130207.0 1041.7
1796 845407.0 1130207.0 1040.6
1797 845388.0 1130207.0 1039.8
1798 845368.0 1130207.0 1038.9
1799 845348.0 1130207.0 1038.4
1800 845328.0 1130207.0 1038.2
1801 846308.0 1130227.0 1122.8
1802 846288.0 1130227.0 1111.7
1803 846268.0 1130227.0 1101.1
1804 846248.0 1130227.0 1090.8
1805 846228.0 1130227.0 1076.2
1806 846207.0 1130227.0 1062.0
1807 846187.0 1130227.0 1053.0
1808 846167.0 1130227.0 1034.3
1809 846147.0 1130227.0 1021.2
1810 846127.0 1130227.0 1008.6
1811 846107.0 1130227.0 1005.2
1812 846087.0 1130227.0 1003.6
1813 846067.0 1130227.0 1003.2
1814 846048.0 1130227.0 1003.3
1815 846028.0 1130227.0 1003.7
1816 846008.0 1130227.0 1003.9
1817 845988.0 1130227.0 1003.5
1818 845968.0 1130227.0 1003.3
1819 845948.0 1130227.0 1003.5
1820 845928.0 1130227.0 1003.3
1821 845908.0 1130227.0 1004.2
1822 845887.0 1130227.0 1006.4
1823 845867.0 1130227.0 1013.8
1824 845847.0 1130227.0 1022.4
1825 845827.0 1130227.0 1029.3
1826 845807.0 1130227.0 1038.1
1827 845787.0 1130227.0 1045.6
1828 845767.0 1130227.0 1051.3
1829 845747.0 1130227.0 1054.7
1830 845727.0 1130227.0 1057.8
1831 845708.0 1130227.0 1062.6
1832 845688.0 1130227.0 1063.3
1833 845668.0 1130227.0 1060.9
1834 845648.0 1130227.0 1059.1
1835 845628.0 1130227.0 1059.0
1836 845608.0 1130227.0 1058.3
1837 845588.0 1130227.0 1059.3
1838 845568.0 1130227.0 1059.6
1839 845547.0 1130227.0 1055.8
1840 845527.0 1130227.0 1053.0
1841 845507.0 1130227.0 1051.3
1842 845487.0 1130227.0 1049.5
1843 845467.0 1130227.0 1047.8
1844 845447.0 1130227.0 1046.6
1845 845427.0 1130227.0 1045.6
1846 845407.0 1130227.0 1044.1
1847 845388.0 1130227.0 1043.4
1848 845368.0 1130227.0 1042.2
1849 845348.0 1130227.0 1042.3
1850 845328.0 1130227.0 1042.2
1851 846308.0 1130247.0 1126.7
1852 846288.0 1130247.0 1117.3
1853 846268.0 1130247.0 1106.6
1854 846248.0 1130247.0 1095.7
1855 846228.0 1130247.0 1083.4
1856 846207.0 1130247.0 1064.1
1857 846187.0 1130247.0 1052.4
1858 846167.0 1130247.0 1039.6
1859 846147.0 1130247.0 1027.9
1860 846127.0 1130247.0 1013.0
1861 846107.0 1130247.0 1006.3
1862 846087.0 1130247.0 1003.8
1863 846067.0 1130247.0 1003.1
1864 846048.0 1130247.0 1003.5
1865 846028.0 1130247.0 1004.0
1866 846008.0 1130247.0 1004.3
1867 845988.0 1130247.0 1004.0
1868 845968.0 1130247.0 1003.9
1869 845948.0 1130247.0 1004.2
1870 845928.0 1130247.0 1004.4
1871 845908.0 1130247.0 1006.6
1872 845887.0 1130247.0 1012.0
1873 845867.0 1130247.0 1019.5
1874 845847.0 1130247.0 1029.8
1875 845827.0 1130247.0 1035.7
1876 845807.0 1130247.0 1042.8
1877 845787.0 1130247.0 1051.1
1878 845767.0 1130247.0 1056.2
1879 845747.0 1130247.0 1061.0
1880 845727.0 1130247.0 1064.4
1881 845708.0 1130247.0 1067.1
1882 845688.0 1130247.0 1064.3
1883 845668.0 1130247.0 1064.7
1884 845648.0 1130247.0 1063.5
1885 845628.0 1130247.0 1064.2
1886 845608.0 1130247.0 1064.4
1887 845588.0 1130247.0 1063.5
1888 845568.0 1130247.0 1060.1
1889 845547.0 1130247.0 1058.4
1890 845527.0 1130247.0 1057.2
1891 845507.0 1130247.0 1055.2
1892 845487.0 1130247.0 1054.0
1893 845467.0 1130247.0 1052.3
1894 845447.0 1130247.0 1050.4
1895 845427.0 1130247.0 1049.4
1896 845407.0 1130247.0 1047.8
1897 845388.0 1130247.0 1047.0
1898 845368.0 1130247.0 1046.3
1899 845348.0 1130247.0 1045.9
1900 845328.0 1130247.0 1046.0
1901 846308.0 1130267.0 1130.8
1902 846288.0 1130267.0 1122.4
1903 846268.0 1130267.0 1116.0
1904 846248.0 1130267.0 1103.4
1905 846228.0 1130267.0 1088.8
1906 846207.0 1130267.0 1069.4
1907 846187.0 1130267.0 1050.4
1908 846167.0 1130267.0 1038.8
1909 846147.0 1130267.0 1027.3
1910 846127.0 1130267.0 1015.8
1911 846107.0 1130267.0 1008.1
1912 846087.0 1130267.0 1004.8
1913 846067.0 1130267.0 1003.9
1914 846048.0 1130267.0 1004.2
1915 846028.0 1130267.0 1004.8
1916 846008.0 1130267.0 1005.2
1917 845988.0 1130267.0 1005.2
1918 845968.0 1130267.0 1005.5
1919 845948.0 1130267.0 1006.2
1920 845928.0 1130267.0 1008.1
1921 845908.0 1130267.0 1013.1
1922 845887.0 1130267.0 1018.8
1923 845867.0 1130267.0 1027.9
1924 845847.0 1130267.0 1036.3
1925 845827.0 1130267.0 1041.9
1926 845807.0 1130267.0 1050.1
1927 845787.0 1130267.0 1057.0
1928 845767.0 1130267.0 1063.2
1929 845747.0 1130267.0 1068.5
1930 845727.0 1130267.0 1071.3
1931 845708.0 1130267.0 1068.8
1932 845688.0 1130267.0 1068.8
1933 845668.0 1130267.0 1069.1
1934 845648.0 1130267.0 1068.0
1935 845628.0 1130267.0 1068.3
1936 845608.0 1130267.0 1067.3
1937 845588.0 1130267.0 1064.5
1938 845568.0 1130267.0 1062.4
1939 845547.0 1130267.0 1061.1
1940 845527.0 1130267.0 1060.1
1941 845507.0 1130267.0 1059.0
1942 845487.0 1130267.0 1057.0
1943 845467.0 1130267.0 1055.7
1944 845447.0 1130267.0 1054.2
1945 845427.0 1130267.0 1052.9
1946 845407.0 1130267.0 1051.7
1947 845388.0 1130267.0 1051.0
1948 845368.0 1130267.0 1050.7
1949 845348.0 1130267.0 1050.3
1950 845328.0 1130267.0 1049.8
1951 846308.0 1130287.0 1131.8
1952 846288.0 1130287.0 1122.6
1953 846268.0 1130287.0 1111.3
1954 846248.0 1130287.0 1096.7
1955 846228.0 1130287.0 1081.1
1956 846207.0 1130287.0 1064.6
1957 846187.0 1130287.0 1047.2
1958 846167.0 1130287.0 1032.5
1959 846147.0 1130287.0 1023.4
1960 846127.0 1130287.0 1015.9
1961 846107.0 1130287.0 1009.0
1962 846087.0 1130287.0 1005.8
1963 846067.0 1130287.0 1005.2
1964 846048.0 1130287.0 1005.3
1965 846028.0 1130287.0 1006.0
1966 846008.0 1130287.0 1006.6
1967 845988.0 1130287.0 1006.4
1968 845968.0 1130287.0 1007.5
1969 845948.0 1130287.0 1008.7
1970 845928.0 1130287.0 1015.0
1971 845908.0 1130287.0 1020.3
1972 845887.0 1130287.0 1024.5
1973 845867.0 1130287.0 1035.0
1974 845847.0 1130287.0 1043.4
1975 845827.0 1130287.0 1050.6
1976 845807.0 1130287.0 1057.9
1977 845787.0 1130287.0 1063.1
1978 845767.0 1130287.0 1070.8
1979 845747.0 1130287.0 1076.4
1980 845727.0 1130287.0 1075.3
1981 845708.0 1130287.0 1074.2
1982 845688.0 1130287.0 1075.4
1983 845668.0 1130287.0 1075.9
1984 845648.0 1130287.0 1073.2
1985 845628.0 1130287.0 1071.5
1986 845608.0 1130287.0 1070.8
1987 845588.0 1130287.0 1069.1
1988 845568.0 1130287.0 1066.7
1989 845547.0 1130287.0 1064.6
1990 845527.0 1130287.0 1063.2
1991 845507.0 1130287.0 1062.2
1992 845487.0 1130287.0 1061.6
1993 845467.0 1130287.0 1059.5
1994 845447.0 1130287.0 1058.1
1995 845427.0 1130287.0 1056.7
1996 845407.0 1130287.0 1055.5
1997 845388.0 1130287.0 1054.7
1998 845368.0 1130287.0 1054.4
1999 845348.0 1130287.0 1054.3
2000 845328.0 1130287.0 1054.2
2001 846308.0 1130307.0 1135.1
2002 846288.0 1130307.0 1125.1
2003 846268.0 1130307.0 1113.4
2004 846248.0 1130307.0 1101.8
2005 846228.0 1130307.0 1088.9
2006 846207.0 1130307.0 1070.7
2007 846187.0 1130307.0 1054.7
2008 846167.0 1130307.0 1039.3
2009 846147.0 1130307.0 1022.2
2010 846127.0 1130307.0 1016.2
2011 846107.0 1130307.0 1009.5
2012 846087.0 1130307.0 1007.0
2013 846067.0 1130307.0 1006.8
2014 846048.0 1130307.0 1006.7
2015 846028.0 1130307.0 1007.1
2016 846008.0 1130307.0 1007.4
2017 845988.0 1130307.0 1006.8
2018 845968.0 1130307.0 1007.9
2019 845948.0 1130307.0 1014.5
2020 845928.0 1130307.0 1021.9
2021 845908.0 1130307.0 1025.8
2022 845887.0 1130307.0 1033.5
2023 845867.0 1130307.0 1042.0
2024 845847.0 1130307.0 1049.3
2025 845827.0 1130307.0 1056.9
2026 845807.0 1130307.0 1063.6
2027 845787.0 1130307.0 1070.6
2028 845767.0 1130307.0 1078.8
2029 845747.0 1130307.0 1081.3
2030 845727.0 1130307.0 1080.1
2031 845708.0 1130307.0 1081.0
2032 845688.0 1130307.0 1081.8
2033 845668.0 1130307.0 1079.2
2034 845648.0 1130307.0 1076.9
2035 845628.0 1130307.0 1075.2
2036 845608.0 1130307.0 1073.5
2037 845588.0 1130307.0 1071.6
2038 845568.0 1130307.0 1069.7
2039 845547.0 1130307.0 1068.2
2040 845527.0 1130307.0 1066.7
2041 845507.0 1130307.0 1065.7
2042 845487.0 1130307.0 1064.8
2043 845467.0 1130307.0 1064.1
2044 845447.0 1130307.0 1061.6
2045 845427.0 1130307.0 1060.9
2046 845407.0 1130307.0 1059.6
2047 845388.0 1130307.0 1058.7
2048 845368.0 1130307.0 1058.4
2049 845348.0 1130307.0 1058.5
2050 845328.0 1130307.0 1058.7
2051 846308.0 1130327.0 1139.7
2052 846288.0 1130327.0 1128.7
2053 846268.0 1130327.0 1118.5
2054 846248.0 1130327.0 1107.7
2055 846228.0 1130327.0 1094.4
2056 846207.0 1130327.0 1077.1
2057 846187.0 1130327.0 1059.4
2058 846167.0 1130327.0 1046.4
2059 846147.0 1130327.0 1029.1
2060 846127.0 1130327.0 1019.2
2061 846107.0 1130327.0 1015.4
2062 846087.0 1130327.0 1012.5
2063 846067.0 1130327.0 1008.8
2064 846048.0 1130327.0 1009.0
2065 846028.0 1130327.0 1008.4
2066 846008.0 1130327.0 1007.6
2067 845988.0 1130327.0 1007.3
2068 845968.0 1130327.0 1012.3
2069 845948.0 1130327.0 1019.3
2070 845928.0 1130327.0 1025.2
2071 845908.0 1130327.0 1032.4
2072 845887.0 1130327.0 1041.8
2073 845867.0 1130327.0 1049.2
2074 845847.0 1130327.0 1056.4
2075 845827.0 1130327.0 1063.6
2076 845807.0 1130327.0 1070.2
2077 845787.0 1130327.0 1076.8
2078 845767.0 1130327.0 1084.2
2079 845747.0 1130327.0 1086.7
2080 845727.0 1130327.0 1086.9
2081 845708.0 1130327.0 1087.0
2082 845688.0 1130327.0 1084.9
2083 845668.0 1130327.0 1082.6
2084 845648.0 1130327.0 1080.1
2085 845628.0 1130327.0 1078.3
2086 845608.0 1130327.0 1076.3
2087 845588.0 1130327.0 1074.9
2088 845568.0 1130327.0 1072.9
2089 845547.0 1130327.0 1071.5
2090 845527.0 1130327.0 1070.6
2091 845507.0 1130327.0 1069.1
2092 845487.0 1130327.0 1068.3
2093 845467.0 1130327.0 1067.5
2094 845447.0 1130327.0 1066.3
2095 845427.0 1130327.0 1065.1
2096 845407.0 1130327.0 1064.2
2097 845388.0 1130327.0 1063.0
2098 845368.0 1130327.0 1062.3
2099 845348.0 1130327.0 1062.3
2100 845328.0 1130327.0 1062.4
2101 846308.0 1130337.0 1141.6
2102 846288.0 1130337.0 1128.1
2103 846268.0 1130337.0 1120.0
2104 846248.0 1130337.0 1109.0
2105 846228.0 1130337.0 1095.3
2106 846207.0 1130337.0 1077.3
2107 846187.0 1130337.0 1062.1
2108 846167.0 1130337.0 1048.4
2109 846147.0 1130337.0 1029.9
2110 846127.0 1130337.0 1020.8
2111 846107.0 1130337.0 1016.8
2112 846087.0 1130337.0 1013.9
2113 846067.0 1130337.0 1010.9
2114 846048.0 1130337.0 1009.9
2115 846028.0 1130337.0 1010.0
2116 846008.0 1130337.0 1008.7
2117 845988.0 1130337.0 1008.2
2118 845968.0 1130337.0 1016.2
2119 845948.0 1130337.0 1021.1
2120 845928.0 1130337.0 1028.6
2121 845908.0 1130337.0 1037.8
2122 845887.0 1130337.0 1047.0
2123 845867.0 1130337.0 1052.9
2124 845847.0 1130337.0 1060.4
2125 845827.0 1130337.0 1067.6
2126 845807.0 1130337.0 1074.9
2127 845787.0 1130337.0 1080.8
2128 845767.0 1130337.0 1086.9
2129 845747.0 1130337.0 1089.9
2130 845727.0 1130337.0 1089.9
2131 845708.0 1130337.0 1088.8
2132 845688.0 1130337.0 1086.6
2133 845668.0 1130337.0 1084.4
2134 845648.0 1130337.0 1081.7
2135 845628.0 1130337.0 1079.8
2136 845608.0 1130337.0 1078.3
2137 845588.0 1130337.0 1077.0
2138 845568.0 1130337.0 1074.7
2139 845547.0 1130337.0 1073.3
2140 845527.0 1130337.0 1072.3
2141 845507.0 1130337.0 1070.9
2142 845487.0 1130337.0 1069.9
2143 845467.0 1130337.0 1069.3
2144 845447.0 1130337.0 1068.6
2145 845427.0 1130337.0 1067.5
2146 845407.0 1130337.0 1065.7
2147 845388.0 1130337.0 1065.0
2148 845368.0 1130337.0 1064.9
2149 845348.0 1130337.0 1064.6
2150 845328.0 1130337.0 1064.4
2151 846308.0 1130357.0 1141.5
2152 846288.0 1130357.0 1130.3
2153 846268.0 1130357.0 1120.2
2154 846248.0 1130357.0 1110.1
2155 846228.0 1130357.0 1098.7
2156 846207.0 1130357.0 1085.8
2157 846187.0 1130357.0 1071.9
2158 846167.0 1130357.0 1054.8
2159 846147.0 1130357.0 1038.8
2160 846127.0 1130357.0 1025.7
2161 846107.0 1130357.0 1021.0
2162 846087.0 1130357.0 1018.7
2163 846067.0 1130357.0 1016.7
2164 846048.0 1130357.0 1015.7
2165 846028.0 1130357.0 1016.8
2166 846008.0 1130357.0 1016.6
2167 845988.0 1130357.0 1017.9
2168 845968.0 1130357.0 1022.6
2169 845948.0 1130357.0 1026.9
2170 845928.0 1130357.0 1035.0
2171 845908.0 1130357.0 1045.8
2172 845887.0 1130357.0 1052.8
2173 845867.0 1130357.0 1060.2
2174 845847.0 1130357.0 1066.9
2175 845827.0 1130357.0 1075.5
2176 845807.0 1130357.0 1084.2
2177 845787.0 1130357.0 1089.0
2178 845767.0 1130357.0 1093.4
2179 845747.0 1130357.0 1094.9
2180 845727.0 1130357.0 1094.0
2181 845708.0 1130357.0 1091.9
2182 845688.0 1130357.0 1089.7
2183 845668.0 1130357.0 1088.2
2184 845648.0 1130357.0 1085.6
2185 845628.0 1130357.0 1084.0
2186 845608.0 1130357.0 1082.8
2187 845588.0 1130357.0 1081.4
2188 845568.0 1130357.0 1079.8
2189 845547.0 1130357.0 1077.8
2190 845527.0 1130357.0 1076.0
2191 845507.0 1130357.0 1075.1
2192 845487.0 1130357.0 1074.2
2193 845467.0 1130357.0 1073.6
2194 845447.0 1130357.0 1072.9
2195 845427.0 1130357.0 1071.8
2196 845407.0 1130357.0 1070.5
2197 845388.0 1130357.0 1069.3
2198 845368.0 1130357.0 1069.2
2199 845348.0 1130357.0 1068.5
2200 845328.0 1130357.0 1068.4
2201 846308.0 1130377.0 1141.6
2202 846288.0 1130377.0 1130.8
2203 846268.0 1130377.0 1122.0
2204 846248.0 1130377.0 1114.7
2205 846228.0 1130377.0 1106.1
2206 846207.0 1130377.0 1095.5
2207 846187.0 1130377.0 1078.5
2208 846167.0 1130377.0 1060.5
2209 846147.0 1130377.0 1040.5
2210 846127.0 1130377.0 1030.7
2211 846107.0 1130377.0 1026.3
2212 846087.0 1130377.0 1022.4
2213 846067.0 1130377.0 1022.6
2214 846048.0 1130377.0 1021.4
2215 846028.0 1130377.0 1022.5
2216 846008.0 1130377.0 1023.2
2217 845988.0 1130377.0 1025.5
2218 845968.0 1130377.0 1029.7
2219 845948.0 1130377.0 1034.9
2220 845928.0 1130377.0 1043.8
2221 845908.0 1130377.0 1052.8
2222 845887.0 1130377.0 1059.4
2223 845867.0 1130377.0 1067.1
2224 845847.0 1130377.0 1073.4
2225 845827.0 1130377.0 1083.7
2226 845807.0 1130377.0 1093.0
2227 845787.0 1130377.0 1095.3
2228 845767.0 1130377.0 1099.1
2229 845747.0 1130377.0 1099.2
2230 845727.0 1130377.0 1097.5
2231 845708.0 1130377.0 1096.0
2232 845688.0 1130377.0 1094.5
2233 845668.0 1130377.0 1092.8
2234 845648.0 1130377.0 1090.6
2235 845628.0 1130377.0 1089.0
2236 845608.0 1130377.0 1086.7
2237 845588.0 1130377.0 1086.1
2238 845568.0 1130377.0 1085.0
2239 845547.0 1130377.0 1082.9
2240 845527.0 1130377.0 1081.5
2241 845507.0 1130377.0 1080.0
2242 845487.0 1130377.0 1078.9
2243 845467.0 1130377.0 1077.6
2244 845447.0 1130377.0 1077.0
2245 845427.0 1130377.0 1076.1
2246 845407.0 1130377.0 1074.6
2247 845388.0 1130377.0 1074.1
2248 845368.0 1130377.0 1073.2
2249 845348.0 1130377.0 1073.2
2250 845328.0 1130377.0 1073.1
2251 846308.0 1130397.0 1144.3
2252 846288.0 1130397.0 1134.9
2253 846268.0 1130397.0 1127.5
2254 846248.0 1130397.0 1121.1
2255 846228.0 1130397.0 1107.6
2256 846207.0 1130397.0 1094.9
2257 846187.0 1130397.0 1080.3
2258 846167.0 1130397.0 1065.9
2259 846147.0 1130397.0 1052.0
2260 846127.0 1130397.0 1037.8
2261 846107.0 1130397.0 1033.1
2262 846087.0 1130397.0 1029.9
2263 846067.0 1130397.0 1027.3
2264 846048.0 1130397.0 1026.7
2265 846028.0 1130397.0 1028.8
2266 846008.0 1130397.0 1028.4
2267 845988.0 1130397.0 1030.6
2268 845968.0 1130397.0 1034.8
2269 845948.0 1130397.0 1043.0
2270 845928.0 1130397.0 1053.1
2271 845908.0 1130397.0 1061.5
2272 845887.0 1130397.0 1068.6
2273 845867.0 1130397.0 1076.0
2274 845847.0 1130397.0 1081.7
2275 845827.0 1130397.0 1092.0
2276 845807.0 1130397.0 1098.5
2277 845787.0 1130397.0 1101.8
2278 845767.0 1130397.0 1105.2
2279 845747.0 1130397.0 1103.8
2280 845727.0 1130397.0 1102.5
2281 845708.0 1130397.0 1102.4
2282 845688.0 1130397.0 1100.2
2283 845668.0 1130397.0 1098.9
2284 845648.0 1130397.0 1096.1
2285 845628.0 1130397.0 1093.9
2286 845608.0 1130397.0 1091.9
2287 845588.0 1130397.0 1090.4
2288 845568.0 1130397.0 1089.8
2289 845547.0 1130397.0 1088.4
2290 845527.0 1130397.0 1086.1
2291 845507.0 1130397.0 1084.7
2292 845487.0 1130397.0 1084.0
2293 845467.0 1130397.0 1083.0
2294 845447.0 1130397.0 1082.4
2295 845427.0 1130397.0 1081.6
2296 845407.0 1130397.0 1079.3
2297 845388.0 1130397.0 1078.3
2298 845368.0 1130397.0 1077.7
2299 845348.0 1130397.0 1077.9
2300 845328.0 1130397.0 1077.6
2301 846308.0 1130417.0 1147.1
2302 846288.0 1130417.0 1140.8
2303 846268.0 1130417.0 1134.0
2304 846248.0 1130417.0 1122.9
2305 846228.0 1130417.0 1112.6
2306 846207.0 1130417.0 1100.5
2307 846187.0 1130417.0 1086.2
2308 846167.0 1130417.0 1071.4
2309 846147.0 1130417.0 1056.7
2310 846127.0 1130417.0 1046.2
2311 846107.0 1130417.0 1040.5
2312 846087.0 1130417.0 1035.9
2313 846067.0 1130417.0 1033.8
2314 846048.0 1130417.0 1032.6
2315 846028.0 1130417.0 1036.0
2316 846008.0 1130417.0 1033.5
2317 845988.0 1130417.0 1036.3
2318 845968.0 1130417.0 1044.0
2319 845948.0 1130417.0 1053.8
2320 845928.0 1130417.0 1062.6
2321 845908.0 1130417.0 1071.0
2322 845887.0 1130417.0 1076.9
2323 845867.0 1130417.0 1084.5
2324 845847.0 1130417.0 1091.5
2325 845827.0 1130417.0 1099.6
2326 845807.0 1130417.0 1106.0
2327 845787.0 1130417.0 1109.1
2328 845767.0 1130417.0 1109.8
2329 845747.0 1130417.0 1108.9
2330 845727.0 1130417.0 1109.3
2331 845708.0 1130417.0 1107.8
2332 845688.0 1130417.0 1106.7
2333 845668.0 1130417.0 1104.1
2334 845648.0 1130417.0 1101.9
2335 845628.0 1130417.0 1099.7
2336 845608.0 1130417.0 1097.2
2337 845588.0 1130417.0 1095.3
2338 845568.0 1130417.0 1093.8
2339 845547.0 1130417.0 1093.1
2340 845527.0 1130417.0 1091.9
2341 845507.0 1130417.0 1089.4
2342 845487.0 1130417.0 1088.7
2343 845467.0 1130417.0 1088.0
2344 845447.0 1130417.0 1086.3
2345 845427.0 1130417.0 1085.6
2346 845407.0 1130417.0 1084.1
2347 845388.0 1130417.0 1083.1
2348 845368.0 1130417.0 1082.4
2349 845348.0 1130417.0 1082.2
2350 845328.0 1130417.0 1082.0
2351 846308.0 1130437.0 1147.2
2352 846288.0 1130437.0 1142.8
2353 846268.0 1130437.0 1136.1
2354 846248.0 1130437.0 1125.6
2355 846228.0 1130437.0 1117.2
2356 846207.0 1130437.0 1106.3
2357 846187.0 1130437.0 1092.9
2358 846167.0 1130437.0 1080.5
2359 846147.0 1130437.0 1067.3
2360 846127.0 1130437.0 1056.5
2361 846107.0 1130437.0 1049.3
2362 846087.0 1130437.0 1044.7
2363 846067.0 1130437.0 1042.0
2364 846048.0 1130437.0 1039.4
2365 846028.0 1130437.0 1041.0
2366 846008.0 1130437.0 1040.3
2367 845988.0 1130437.0 1045.6
2368 845968.0 1130437.0 1055.7
2369 845948.0 1130437.0 1063.0
2370 845928.0 1130437.0 1070.1
2371 845908.0 1130437.0 1078.1
2372 845887.0 1130437.0 1085.2
2373 845867.0 1130437.0 1093.2
2374 845847.0 1130437.0 1100.9
2375 845827.0 1130437.0 1108.8
2376 845807.0 1130437.0 1114.9
2377 845787.0 1130437.0 1114.8
2378 845767.0 1130437.0 1114.0
2379 845747.0 1130437.0 1114.4
2380 845727.0 1130437.0 1114.6
2381 845708.0 1130437.0 1113.8
2382 845688.0 1130437.0 1112.2
2383 845668.0 1130437.0 1109.7
2384 845648.0 1130437.0 1107.3
2385 845628.0 1130437.0 1105.3
2386 845608.0 1130437.0 1102.6
2387 845588.0 1130437.0 1101.0
2388 845568.0 1130437.0 1098.6
2389 845547.0 1130437.0 1097.7
2390 845527.0 1130437.0 1096.4
2391 845507.0 1130437.0 1094.8
2392 845487.0 1130437.0 1092.9
2393 845467.0 1130437.0 1092.6
2394 845447.0 1130437.0 1091.7
2395 845427.0 1130437.0 1090.1
2396 845407.0 1130437.0 1089.3
2397 845388.0 1130437.0 1088.0
2398 845368.0 1130437.0 1087.6
2399 845348.0 1130437.0 1086.6
2400 845328.0 1130437.0 1086.7
2401 846308.0 1130457.0 1148.1
2402 846288.0 1130457.0 1142.0
2403 846268.0 1130457.0 1135.2
2404 846248.0 1130457.0 1128.8
2405 846228.0 1130457.0 1123.6
2406 846207.0 1130457.0 1113.7
2407 846187.0 1130457.0 1101.9
2408 846167.0 1130457.0 1086.9
2409 846147.0 1130457.0 1074.4
2410 846127.0 1130457.0 1065.3
2411 846107.0 1130457.0 1057.6
2412 846087.0 1130457.0 1052.0
2413 846067.0 1130457.0 1049.0
2414 846048.0 1130457.0 1046.2
2415 846028.0 1130457.0 1045.3
2416 846008.0 1130457.0 1047.7
2417 845988.0 1130457.0 1054.5
2418 845968.0 1130457.0 1064.8
2419 845948.0 1130457.0 1072.2
2420 845928.0 1130457.0 1079.6
2421 845908.0 1130457.0 1086.6
2422 845887.0 1130457.0 1093.7
2423 845867.0 1130457.0 1102.6
2424 845847.0 1130457.0 1110.7
2425 845827.0 1130457.0 1117.5
2426 845807.0 1130457.0 1120.1
2427 845787.0 1130457.0 1119.1
2428 845767.0 1130457.0 1119.4
2429 845747.0 1130457.0 1119.9
2430 845727.0 1130457.0 1120.6
2431 845708.0 1130457.0 1119.8
2432 845688.0 1130457.0 1118.0
2433 845668.0 1130457.0 1115.6
2434 845648.0 1130457.0 1113.6
2435 845628.0 1130457.0 1110.9
2436 845608.0 1130457.0 1108.8
2437 845588.0 1130457.0 1106.8
2438 845568.0 1130457.0 1104.2
2439 845547.0 1130457.0 1102.3
2440 845527.0 1130457.0 1101.0
2441 845507.0 1130457.0 1099.9
2442 845487.0 1130457.0 1098.2
2443 845467.0 1130457.0 1097.1
2444 845447.0 1130457.0 1096.6
2445 845427.0 1130457.0 1095.4
2446 845407.0 1130457.0 1094.0
2447 845388.0 1130457.0 1093.1
2448 845368.0 1130457.0 1092.4
2449 845348.0 1130457.0 1091.6
2450 845328.0 1130457.0 1091.7
2451 846308.0 1130477.0 1152.0
2452 846288.0 1130477.0 1145.6
2453 846268.0 1130477.0 1137.7
2454 846248.0 1130477.0 1132.3
2455 846228.0 1130477.0 1126.2
2456 846207.0 1130477.0 1117.9
2457 846187.0 1130477.0 1105.6
2458 846167.0 1130477.0 1093.5
2459 846147.0 1130477.0 1082.6
2460 846127.0 1130477.0 1073.6
2461 846107.0 1130477.0 1067.5
2462 846087.0 1130477.0 1061.4
2463 846067.0 1130477.0 1057.9
2464 846048.0 1130477.0 1054.1
2465 846028.0 1130477.0 1051.8
2466 846008.0 1130477.0 1057.3
2467 845988.0 1130477.0 1064.3
2468 845968.0 1130477.0 1073.0
2469 845948.0 1130477.0 1081.2
2470 845928.0 1130477.0 1088.2
2471 845908.0 1130477.0 1096.3
2472 845887.0 1130477.0 1104.8
2473 845867.0 1130477.0 1113.0
2474 845847.0 1130477.0 1121.3
2475 845827.0 1130477.0 1124.3
2476 845807.0 1130477.0 1123.8
2477 845787.0 1130477.0 1123.9
2478 845767.0 1130477.0 1125.1
2479 845747.0 1130477.0 1125.9
2480 845727.0 1130477.0 1126.1
2481 845708.0 1130477.0 1125.3
2482 845688.0 1130477.0 1124.1
2483 845668.0 1130477.0 1122.0
2484 845648.0 1130477.0 1119.5
2485 845628.0 1130477.0 1116.7
2486 845608.0 1130477.0 1114.3
2487 845588.0 1130477.0 1112.3
2488 845568.0 1130477.0 1109.6
2489 845547.0 1130477.0 1107.9
2490 845527.0 1130477.0 1106.8
2491 845507.0 1130477.0 1105.7
2492 845487.0 1130477.0 1103.4
2493 845467.0 1130477.0 1102.3
2494 845447.0 1130477.0 1100.9
2495 845427.0 1130477.0 1100.0
2496 845407.0 1130477.0 1099.4
2497 845388.0 1130477.0 1098.0
2498 845368.0 1130477.0 1097.3
2499 845348.0 1130477.0 1096.9
2500 845328.0 1130477.0 1095.9
