1 826497.5 1140223.0 704.7
2 826492.5 1140223.0 702.5
3 826487.5 1140223.0 700.4
4 826482.5 1140223.0 698.7
5 826477.5 1140223.0 697.1
6 826472.5 1140223.0 695.5
7 826467.5 1140223.0 693.6
8 826462.5 1140223.0 691.7
9 826457.5 1140223.0 689.8
10 826452.5 1140223.0 687.6
11 826447.5 1140223.0 685.2
12 826442.5 1140223.0 682.7
13 826437.5 1140223.0 680.1
14 826432.5 1140223.0 677.8
15 826427.5 1140223.0 675.7
16 826422.5 1140223.0 674.0
17 826417.5 1140223.0 672.3
18 826412.5 1140223.0 670.7
19 826407.5 1140223.0 669.2
20 826402.5 1140223.0 667.6
21 826397.5 1140223.0 666.5
22 826392.5 1140223.0 665.5
23 826387.5 1140223.0 664.8
24 826382.5 1140223.0 663.3
25 826497.5 1140228.0 703.3
26 826492.5 1140228.0 701.1
27 826487.5 1140228.0 699.1
28 826482.5 1140228.0 697.3
29 826477.5 1140228.0 695.7
30 826472.5 1140228.0 694.0
31 826467.5 1140228.0 692.1
32 826462.5 1140228.0 690.2
33 826457.5 1140228.0 688.3
34 826452.5 1140228.0 686.2
35 826447.5 1140228.0 683.9
36 826442.5 1140228.0 681.2
37 826437.5 1140228.0 678.3
38 826432.5 1140228.0 675.7
39 826427.5 1140228.0 673.4
40 826422.5 1140228.0 671.7
41 826417.5 1140228.0 669.8
42 826412.5 1140228.0 667.8
43 826407.5 1140228.0 666.1
44 826402.5 1140228.0 664.5
45 826397.5 1140228.0 662.7
46 826392.5 1140228.0 662.1
47 826387.5 1140228.0 662.0
48 826382.5 1140228.0 661.3
49 826497.5 1140233.0 702.0
50 826492.5 1140233.0 699.8
51 826487.5 1140233.0 697.8
52 826482.5 1140233.0 696.1
53 826477.5 1140233.0 694.3
54 826472.5 1140233.0 692.5
55 826467.5 1140233.0 690.6
56 826462.5 1140233.0 688.7
57 826457.5 1140233.0 686.7
58 826452.5 1140233.0 684.5
59 826447.5 1140233.0 682.1
60 826442.5 1140233.0 679.3
61 826437.5 1140233.0 676.3
62 826432.5 1140233.0 673.5
63 826427.5 1140233.0 671.2
64 826422.5 1140233.0 669.5
65 826417.5 1140233.0 667.2
66 826412.5 1140233.0 665.1
67 826407.5 1140233.0 663.7
68 826402.5 1140233.0 662.2
69 826397.5 1140233.0 661.7
70 826392.5 1140233.0 661.3
71 826387.5 1140233.0 661.1
72 826382.5 1140233.0 661.0
73 826497.5 1140238.0 700.8
74 826492.5 1140238.0 698.7
75 826487.5 1140238.0 696.8
76 826482.5 1140238.0 695.0
77 826477.5 1140238.0 693.0
78 826472.5 1140238.0 691.0
79 826467.5 1140238.0 689.1
80 826462.5 1140238.0 687.1
81 826457.5 1140238.0 684.9
82 826452.5 1140238.0 682.6
83 826447.5 1140238.0 680.0
84 826442.5 1140238.0 677.2
85 826437.5 1140238.0 674.3
86 826432.5 1140238.0 671.5
87 826427.5 1140238.0 669.1
88 826422.5 1140238.0 666.9
89 826417.5 1140238.0 664.8
90 826412.5 1140238.0 662.6
91 826407.5 1140238.0 661.6
92 826402.5 1140238.0 661.6
93 826397.5 1140238.0 661.4
94 826392.5 1140238.0 661.2
95 826387.5 1140238.0 661.0
96 826382.5 1140238.0 660.7
97 826497.5 1140243.0 699.9
98 826492.5 1140243.0 697.9
99 826487.5 1140243.0 696.0
100 826482.5 1140243.0 694.2
101 826477.5 1140243.0 692.0
102 826472.5 1140243.0 689.8
103 826467.5 1140243.0 687.7
104 826462.5 1140243.0 685.6
105 826457.5 1140243.0 683.2
106 826452.5 1140243.0 680.8
107 826447.5 1140243.0 678.1
108 826442.5 1140243.0 675.3
109 826437.5 1140243.0 672.4
110 826432.5 1140243.0 669.7
111 826427.5 1140243.0 667.0
112 826422.5 1140243.0 664.8
113 826417.5 1140243.0 663.2
114 826412.5 1140243.0 661.8
115 826407.5 1140243.0 661.1
116 826402.5 1140243.0 660.9
117 826397.5 1140243.0 661.0
118 826392.5 1140243.0 661.0
119 826387.5 1140243.0 661.1
120 826382.5 1140243.0 661.5
121 826497.5 1140248.0 699.1
122 826492.5 1140248.0 697.2
123 826487.5 1140248.0 695.4
124 826482.5 1140248.0 693.4
125 826477.5 1140248.0 691.2
126 826472.5 1140248.0 688.9
127 826467.5 1140248.0 686.6
128 826462.5 1140248.0 684.1
129 826457.5 1140248.0 681.7
130 826452.5 1140248.0 679.0
131 826447.5 1140248.0 676.3
132 826442.5 1140248.0 673.5
133 826437.5 1140248.0 670.6
134 826432.5 1140248.0 667.8
135 826427.5 1140248.0 665.2
136 826422.5 1140248.0 663.3
137 826417.5 1140248.0 661.9
138 826412.5 1140248.0 661.4
139 826407.5 1140248.0 661.1
140 826402.5 1140248.0 661.4
141 826397.5 1140248.0 661.5
142 826392.5 1140248.0 661.8
143 826387.5 1140248.0 662.7
144 826382.5 1140248.0 663.6
145 826497.5 1140253.0 698.3
146 826492.5 1140253.0 696.5
147 826487.5 1140253.0 694.6
148 826482.5 1140253.0 692.5
149 826477.5 1140253.0 690.3
150 826472.5 1140253.0 688.0
151 826467.5 1140253.0 685.5
152 826462.5 1140253.0 682.8
153 826457.5 1140253.0 680.1
154 826452.5 1140253.0 677.4
155 826447.5 1140253.0 674.7
156 826442.5 1140253.0 671.9
157 826437.5 1140253.0 669.1
158 826432.5 1140253.0 666.2
159 826427.5 1140253.0 663.7
160 826422.5 1140253.0 661.8
161 826417.5 1140253.0 661.8
162 826412.5 1140253.0 661.8
163 826407.5 1140253.0 661.7
164 826402.5 1140253.0 661.8
165 826397.5 1140253.0 662.4
166 826392.5 1140253.0 663.8
167 826387.5 1140253.0 664.3
168 826382.5 1140253.0 664.8
169 826497.5 1140258.0 697.5
170 826492.5 1140258.0 695.7
171 826487.5 1140258.0 693.7
172 826482.5 1140258.0 691.5
173 826477.5 1140258.0 689.3
174 826472.5 1140258.0 687.0
175 826467.5 1140258.0 684.4
176 826462.5 1140258.0 681.4
177 826457.5 1140258.0 678.5
178 826452.5 1140258.0 675.9
179 826447.5 1140258.0 673.0
180 826442.5 1140258.0 670.3
181 826437.5 1140258.0 667.7
182 826432.5 1140258.0 665.2
183 826427.5 1140258.0 662.5
184 826422.5 1140258.0 661.7
185 826417.5 1140258.0 661.3
186 826412.5 1140258.0 661.8
187 826407.5 1140258.0 661.6
188 826402.5 1140258.0 662.3
189 826397.5 1140258.0 664.1
190 826392.5 1140258.0 665.5
191 826387.5 1140258.0 665.5
192 826382.5 1140258.0 665.5
193 826497.5 1140263.0 696.8
194 826492.5 1140263.0 694.8
195 826487.5 1140263.0 692.6
196 826482.5 1140263.0 690.2
197 826477.5 1140263.0 687.8
198 826472.5 1140263.0 685.4
199 826467.5 1140263.0 682.8
200 826462.5 1140263.0 680.1
201 826457.5 1140263.0 677.3
202 826452.5 1140263.0 674.5
203 826447.5 1140263.0 671.3
204 826442.5 1140263.0 668.4
205 826437.5 1140263.0 666.1
206 826432.5 1140263.0 663.8
207 826427.5 1140263.0 661.7
208 826422.5 1140263.0 661.2
209 826417.5 1140263.0 661.9
210 826412.5 1140263.0 662.0
211 826407.5 1140263.0 662.5
212 826402.5 1140263.0 664.1
213 826397.5 1140263.0 665.3
214 826392.5 1140263.0 665.8
215 826387.5 1140263.0 665.6
216 826382.5 1140263.0 665.7
217 826497.5 1140268.0 695.7
218 826492.5 1140268.0 693.7
219 826487.5 1140268.0 691.5
220 826482.5 1140268.0 688.7
221 826477.5 1140268.0 685.8
222 826472.5 1140268.0 683.0
223 826467.5 1140268.0 680.7
224 826462.5 1140268.0 678.6
225 826457.5 1140268.0 675.9
226 826452.5 1140268.0 672.8
227 826447.5 1140268.0 669.8
228 826442.5 1140268.0 667.1
229 826437.5 1140268.0 664.8
230 826432.5 1140268.0 662.2
231 826427.5 1140268.0 661.4
232 826422.5 1140268.0 661.3
233 826417.5 1140268.0 661.8
234 826412.5 1140268.0 662.1
235 826407.5 1140268.0 664.0
236 826402.5 1140268.0 665.8
237 826397.5 1140268.0 666.1
238 826392.5 1140268.0 665.7
239 826387.5 1140268.0 665.7
240 826382.5 1140268.0 665.9
241 826497.5 1140273.0 694.8
242 826492.5 1140273.0 692.8
243 826487.5 1140273.0 690.4
244 826482.5 1140273.0 687.5
245 826477.5 1140273.0 684.5
246 826472.5 1140273.0 681.6
247 826467.5 1140273.0 679.3
248 826462.5 1140273.0 677.2
249 826457.5 1140273.0 674.5
250 826452.5 1140273.0 671.3
251 826447.5 1140273.0 668.6
252 826442.5 1140273.0 665.7
253 826437.5 1140273.0 663.0
254 826432.5 1140273.0 662.2
255 826427.5 1140273.0 661.3
256 826422.5 1140273.0 661.4
257 826417.5 1140273.0 661.7
258 826412.5 1140273.0 663.0
259 826407.5 1140273.0 665.3
260 826402.5 1140273.0 666.2
261 826397.5 1140273.0 666.0
262 826392.5 1140273.0 665.9
263 826387.5 1140273.0 666.0
264 826382.5 1140273.0 666.0
265 826497.5 1140278.0 694.5
266 826492.5 1140278.0 692.2
267 826487.5 1140278.0 689.5
268 826482.5 1140278.0 686.4
269 826477.5 1140278.0 683.6
270 826472.5 1140278.0 680.7
271 826467.5 1140278.0 678.2
272 826462.5 1140278.0 675.6
273 826457.5 1140278.0 672.6
274 826452.5 1140278.0 669.7
275 826447.5 1140278.0 667.1
276 826442.5 1140278.0 664.7
277 826437.5 1140278.0 662.6
278 826432.5 1140278.0 661.9
279 826427.5 1140278.0 661.4
280 826422.5 1140278.0 661.8
281 826417.5 1140278.0 662.9
282 826412.5 1140278.0 664.7
283 826407.5 1140278.0 666.3
284 826402.5 1140278.0 666.4
285 826397.5 1140278.0 666.3
286 826392.5 1140278.0 666.4
287 826387.5 1140278.0 666.3
288 826382.5 1140278.0 666.3
289 826497.5 1140283.0 694.2
290 826492.5 1140283.0 691.8
291 826487.5 1140283.0 689.0
292 826482.5 1140283.0 685.7
293 826477.5 1140283.0 682.7
294 826472.5 1140283.0 679.9
295 826467.5 1140283.0 677.2
296 826462.5 1140283.0 674.5
297 826457.5 1140283.0 671.5
298 826452.5 1140283.0 668.5
299 826447.5 1140283.0 666.0
300 826442.5 1140283.0 663.5
301 826437.5 1140283.0 662.0
302 826432.5 1140283.0 661.6
303 826427.5 1140283.0 661.9
304 826422.5 1140283.0 662.0
305 826417.5 1140283.0 664.6
306 826412.5 1140283.0 666.1
307 826407.5 1140283.0 666.5
308 826402.5 1140283.0 666.3
309 826397.5 1140283.0 666.4
310 826392.5 1140283.0 666.4
311 826387.5 1140283.0 666.5
312 826382.5 1140283.0 667.0
313 826497.5 1140288.0 693.2
314 826492.5 1140288.0 690.8
315 826487.5 1140288.0 688.2
316 826482.5 1140288.0 684.7
317 826477.5 1140288.0 681.7
318 826472.5 1140288.0 678.9
319 826467.5 1140288.0 676.1
320 826462.5 1140288.0 673.5
321 826457.5 1140288.0 670.1
322 826452.5 1140288.0 667.0
323 826447.5 1140288.0 664.4
324 826442.5 1140288.0 662.2
325 826437.5 1140288.0 661.6
326 826432.5 1140288.0 661.6
327 826427.5 1140288.0 661.9
328 826422.5 1140288.0 663.2
329 826417.5 1140288.0 665.5
330 826412.5 1140288.0 666.2
331 826407.5 1140288.0 666.5
332 826402.5 1140288.0 666.6
333 826397.5 1140288.0 666.7
334 826392.5 1140288.0 666.8
335 826387.5 1140288.0 667.2
336 826382.5 1140288.0 667.9
337 826497.5 1140293.0 691.9
338 826492.5 1140293.0 689.9
339 826487.5 1140293.0 687.2
340 826482.5 1140293.0 683.8
341 826477.5 1140293.0 680.7
342 826472.5 1140293.0 677.7
343 826467.5 1140293.0 674.5
344 826462.5 1140293.0 671.4
345 826457.5 1140293.0 668.8
346 826452.5 1140293.0 665.5
347 826447.5 1140293.0 663.6
348 826442.5 1140293.0 661.9
349 826437.5 1140293.0 661.5
350 826432.5 1140293.0 661.9
351 826427.5 1140293.0 662.5
352 826422.5 1140293.0 664.8
353 826417.5 1140293.0 666.3
354 826412.5 1140293.0 666.6
355 826407.5 1140293.0 666.8
356 826402.5 1140293.0 666.7
357 826397.5 1140293.0 666.9
358 826392.5 1140293.0 667.4
359 826387.5 1140293.0 668.0
360 826382.5 1140293.0 668.4
361 826497.5 1140298.0 690.6
362 826492.5 1140298.0 688.2
363 826487.5 1140298.0 685.5
364 826482.5 1140298.0 682.7
365 826477.5 1140298.0 680.0
366 826472.5 1140298.0 676.7
367 826467.5 1140298.0 673.7
368 826462.5 1140298.0 669.7
369 826457.5 1140298.0 667.2
370 826452.5 1140298.0 664.7
371 826447.5 1140298.0 662.6
372 826442.5 1140298.0 662.0
373 826437.5 1140298.0 661.6
374 826432.5 1140298.0 662.2
375 826427.5 1140298.0 663.9
376 826422.5 1140298.0 665.8
377 826417.5 1140298.0 666.7
378 826412.5 1140298.0 666.9
379 826407.5 1140298.0 666.8
380 826402.5 1140298.0 666.9
381 826397.5 1140298.0 667.4
382 826392.5 1140298.0 668.2
383 826387.5 1140298.0 668.7
384 826382.5 1140298.0 668.9
385 826497.5 1140303.0 689.9
386 826492.5 1140303.0 687.1
387 826487.5 1140303.0 684.2
388 826482.5 1140303.0 680.8
389 826477.5 1140303.0 678.1
390 826472.5 1140303.0 675.7
391 826467.5 1140303.0 673.2
392 826462.5 1140303.0 668.8
393 826457.5 1140303.0 665.0
394 826452.5 1140303.0 663.4
395 826447.5 1140303.0 662.2
396 826442.5 1140303.0 662.0
397 826437.5 1140303.0 662.0
398 826432.5 1140303.0 663.0
399 826427.5 1140303.0 665.1
400 826422.5 1140303.0 666.0
401 826417.5 1140303.0 666.8
402 826412.5 1140303.0 667.2
403 826407.5 1140303.0 667.1
404 826402.5 1140303.0 667.4
405 826397.5 1140303.0 668.2
406 826392.5 1140303.0 668.9
407 826387.5 1140303.0 669.1
408 826382.5 1140303.0 669.4
409 826497.5 1140308.0 689.6
410 826492.5 1140308.0 686.7
411 826487.5 1140308.0 683.6
412 826482.5 1140308.0 679.6
413 826477.5 1140308.0 676.6
414 826472.5 1140308.0 674.2
415 826467.5 1140308.0 671.4
416 826462.5 1140308.0 667.4
417 826457.5 1140308.0 664.7
418 826452.5 1140308.0 663.6
419 826447.5 1140308.0 662.1
420 826442.5 1140308.0 661.9
421 826437.5 1140308.0 662.5
422 826432.5 1140308.0 664.5
423 826427.5 1140308.0 665.4
424 826422.5 1140308.0 666.3
425 826417.5 1140308.0 667.0
426 826412.5 1140308.0 667.2
427 826407.5 1140308.0 667.6
428 826402.5 1140308.0 668.2
429 826397.5 1140308.0 668.8
430 826392.5 1140308.0 669.3
431 826387.5 1140308.0 669.6
432 826382.5 1140308.0 670.2
433 826497.5 1140313.0 689.5
434 826492.5 1140313.0 686.5
435 826487.5 1140313.0 683.6
436 826482.5 1140313.0 680.0
437 826477.5 1140313.0 676.4
438 826472.5 1140313.0 672.8
439 826467.5 1140313.0 669.8
440 826462.5 1140313.0 667.0
441 826457.5 1140313.0 664.7
442 826452.5 1140313.0 662.5
443 826447.5 1140313.0 662.5
444 826442.5 1140313.0 662.2
445 826437.5 1140313.0 663.0
446 826432.5 1140313.0 664.8
447 826427.5 1140313.0 665.5
448 826422.5 1140313.0 666.7
449 826417.5 1140313.0 667.3
450 826412.5 1140313.0 667.4
451 826407.5 1140313.0 668.2
452 826402.5 1140313.0 668.7
453 826397.5 1140313.0 669.1
454 826392.5 1140313.0 669.6
455 826387.5 1140313.0 670.0
456 826382.5 1140313.0 670.7
457 826497.5 1140318.0 689.8
458 826492.5 1140318.0 686.8
459 826487.5 1140318.0 683.7
460 826482.5 1140318.0 680.3
461 826477.5 1140318.0 676.3
462 826472.5 1140318.0 672.2
463 826467.5 1140318.0 669.0
464 826462.5 1140318.0 666.3
465 826457.5 1140318.0 663.5
466 826452.5 1140318.0 662.5
467 826447.5 1140318.0 662.0
468 826442.5 1140318.0 662.4
469 826437.5 1140318.0 664.0
470 826432.5 1140318.0 665.5
471 826427.5 1140318.0 665.9
472 826422.5 1140318.0 667.0
473 826417.5 1140318.0 667.5
474 826412.5 1140318.0 667.7
475 826407.5 1140318.0 668.5
476 826402.5 1140318.0 668.9
477 826397.5 1140318.0 669.3
478 826392.5 1140318.0 670.1
479 826387.5 1140318.0 670.8
480 826382.5 1140318.0 671.7
481 826497.5 1140323.0 690.1
482 826492.5 1140323.0 687.5
483 826487.5 1140323.0 684.1
484 826482.5 1140323.0 680.4
485 826477.5 1140323.0 676.4
486 826472.5 1140323.0 672.3
487 826467.5 1140323.0 668.2
488 826462.5 1140323.0 665.3
489 826457.5 1140323.0 662.9
490 826452.5 1140323.0 662.3
491 826447.5 1140323.0 662.7
492 826442.5 1140323.0 662.9
493 826437.5 1140323.0 664.5
494 826432.5 1140323.0 665.8
495 826427.5 1140323.0 665.9
496 826422.5 1140323.0 667.1
497 826417.5 1140323.0 667.6
498 826412.5 1140323.0 668.1
499 826407.5 1140323.0 669.0
500 826402.5 1140323.0 669.3
501 826397.5 1140323.0 669.8
502 826392.5 1140323.0 670.9
503 826387.5 1140323.0 671.7
504 826382.5 1140323.0 672.8
505 826497.5 1140328.0 690.0
506 826492.5 1140328.0 687.7
507 826487.5 1140328.0 684.6
508 826482.5 1140328.0 680.7
509 826477.5 1140328.0 676.7
510 826472.5 1140328.0 672.8
511 826467.5 1140328.0 668.2
512 826462.5 1140328.0 664.9
513 826457.5 1140328.0 663.0
514 826452.5 1140328.0 662.3
515 826447.5 1140328.0 662.7
516 826442.5 1140328.0 663.6
517 826437.5 1140328.0 665.3
518 826432.5 1140328.0 665.9
519 826427.5 1140328.0 666.0
520 826422.5 1140328.0 667.3
521 826417.5 1140328.0 667.8
522 826412.5 1140328.0 668.4
523 826407.5 1140328.0 669.2
524 826402.5 1140328.0 669.8
525 826397.5 1140328.0 670.6
526 826392.5 1140328.0 671.6
527 826387.5 1140328.0 672.9
528 826382.5 1140328.0 674.3
